-3.15813 0.890987 10.0897
-3.14225 2.2616 10.1938
3.02279 -1.00712 13.9459
-1.1569 1.1989 11.8454
-1.688 1.00288 11.3832
-1.5607 1.77189 11.594
2.93674 1.60834 11.9783
4.13557 3.18819 10.8492
-1.4054 0.662491 11.6809
-1.4054 0.662491 11.6809
0.181428 3.40879 8.25987
0.165472 3.42909 8.36292
3.01098 -0.218411 14.394
3.471 -1.86528 13.2792
2.94043 1.99529 11.9733
-3.01588 -1.12433 9.91171
-2.7233 1.99271 10.5619
3.33386 -0.413211 13.8163
4.38499 -1.80006 12.4081
3.76338 -0.592667 13.2552
-2.51265 -1.0261 10.3188
-3.77584 -0.576714 9.40236
3.73924 -2.55687 12.9562
-2.52645 -1.59864 10.312
2.92418 -0.845021 14.1123
3.68966 -2.59032 13.0239
-2.42069 2.38266 10.8434
-2.30032 2.3117 10.9729
3.63356 -0.369346 13.4237
3.9792 -2.43123 12.7053
4.50171 -2.75102 12.1999
-3.61738 5.79808 10.0437
5.96713 4.64296 11.5141
3.87756 -0.132023 13.1752
3.38135 -0.299738 13.7955
3.42548 -0.684683 13.6777
3.71606 -2.63375 12.9695
3.08564 2.15285 11.9883
3.83472 -0.903901 13.1066
4.13413 -2.54937 12.5462
-3.70506 1.98802 9.71125
3.12412 1.74731 11.9407
3.72257 -0.494637 13.3009
3.59087 -0.456813 13.4413
3.54777 -0.495033 13.5111
3.36699 -2.72452 13.3267
-3.82102 -1.17724 9.3167
-3.37422 2.34624 10.0007
2.84672 2.02052 12.0019
2.57591 1.90062 12.0379
-2.72387 1.94083 10.5516
-2.97709 1.75571 10.3307
-2.14339 1.42969 11.0255
-3.53739 1.03894 9.76348
3.92874 -0.066855 13.4188
3.76858 -0.411722 13.2692
3.26934 -0.417706 13.9155
3.29216 -2.30852 13.4425
4.27771 -2.39627 12.4015
3.32483 -2.71032 13.3719
-2.53771 -1.63883 10.269
-3.0302 1.96211 10.2829
-2.91334 1.10957 10.3238
2.5772 2.0011 12.0442
2.50048 2.19842 12.0825
3.80584 0.583974 13.5746
-0.0183636 -2.32459 12.6027
3.77177 5.77211 10.3547
3.66249 -0.210787 13.6862
-1.60166 -1.8139 11.2079
3.58607 -1.04249 13.3729
0.0676942 2.90812 8.04743
-2.90735 -1.26751 10.056
-1.86581 1.9984 11.4245
-1.21745 1.02129 11.7812
-1.42241 5.75523 8.19785
1.46888 6.15414 8.15568
-3.36817 1.87524 10.0106
3.03426 -0.427914 14.0299
3.13129 -0.59164 13.9005
-0.168886 -1.34021 12.5792
1.51262 5.99334 8.19105
-2.44832 2.72145 10.9214
3.05302 1.99717 11.9519
3.28449 -0.399424 13.7349
-1.37523 -2.53819 11.2324
3.72408 -2.38957 12.9682
-3.72344 1.91563 9.69248
-1.88457 1.63032 11.2606
-2.97449 0.863821 10.2352
-3.33878 -1.19067 9.67922
3.84433 -0.498 13.1626
2.89035 -0.58037 14.2042
3.47261 -1.43185 13.4542
3.53672 -2.41094 13.1834
-3.20995 2.10244 10.1408
-1.36509 0.784532 11.6825
3.67179 -0.293237 13.3911
3.34315 -0.804995 13.6439
4.24423 -1.02481 12.6201
3.87934 -1.10137 13.0517
3.6553 -1.1362 13.2534
-0.926691 -1.98945 11.6415
3.36999 -2.15452 13.3721
4.01742 -2.2943 12.6642
3.93217 -2.30519 12.8153
3.39548 -2.27284 13.3611
4.17144 -2.33649 12.4972
1.46724 5.95252 8.25557
1.47969 5.89654 8.42896
-3.45728 1.89868 9.93376
2.53007 2.81472 12.1246
4.12776 -0.184386 12.8328
3.80875 -0.88462 13.1423
3.26567 -0.849279 13.7246
3.26567 -0.849279 13.7246
3.17883 -0.964774 13.842
3.17883 -0.964774 13.842
2.98582 -0.893708 14.0405
-0.714823 -1.48266 11.9647
-1.22438 -1.94974 11.4761
3.48633 -1.87031 13.3023
4.37972 -2.07537 12.3305
4.19188 -2.14556 12.527
3.44593 -2.28152 13.2858
3.27108 -2.34929 13.4656
4.14432 -2.46133 12.5228
4.03199 -2.38094 12.6536
3.55191 -2.50316 13.1635
3.61009 -2.57501 13.0622
1.88814 5.86932 8.72901
4.65429 7.14922 10.946
-3.39344 2.16123 9.97975
-2.92907 1.97599 10.3768
-3.2575 1.70368 10.0749
6.41078 3.8045 10.9947
6.42476 3.81375 11.0224
3.98286 -0.332984 13.035
3.99571 -0.408789 13.0539
3.32595 -0.287973 13.7075
-2.23301 -1.37857 10.6514
3.91171 -0.590488 13.1182
3.46558 -0.505951 13.552
3.48307 -0.749652 13.4814
-3.27952 -1.97628 9.62682
-3.62626 -2.03953 9.35076
4.1083 -1.28659 12.7906
3.2855 -1.31453 13.6469
-3.37757 -2.63415 9.52904
-3.654 -2.62039 9.32671
4.07636 -2.1124 12.6456
1.5892 5.90961 8.28267
3.71771 5.76921 10.3393
-0.03211 3.36248 8.06844
-3.63734 2.00729 9.76602
-1.59652 2.46666 11.5935
2.4104 2.9627 12.1692
-2.13122 1.38268 11.0418
2.08673 1.74243 12.1166
3.74896 -0.200462 13.3819
3.56 -0.370108 13.4924
3.56 -0.370108 13.4924
3.26917 -0.139335 13.7796
3.50916 -0.800498 13.501
3.50916 -0.800498 13.501
3.84866 -0.99679 13.1096
3.03709 -1.01012 13.9731
3.91701 -1.12436 12.9875
-3.33163 -2.04379 9.58508
-3.66212 -2.22935 9.33071
3.52723 -1.76168 13.2696
3.53223 -1.81531 13.2773
3.53223 -1.81531 13.2773
-3.54614 -2.34856 9.42386
3.28269 -2.46026 13.4445
4.1701 -2.37992 12.5264
4.04329 -2.53042 12.6365
1.18605 6.18258 7.87967
1.18605 6.18258 7.87967
1.71 6.2441 7.89293
1.40583 5.96655 8.3658
2.01255 5.96821 8.50226
2.25945 5.93609 8.66973
2.18364 5.97361 8.81823
-0.860341 3.57562 9.81832
-0.984364 3.55601 9.98623
-3.50167 2.00462 9.89344
-3.77145 1.64856 9.62754
-3.76461 1.51948 9.61234
-3.22302 1.67023 10.109
-3.33201 1.68793 10.0122
6.2289 3.49192 11.2777
2.02081 2.61811 12.1956
-1.39948 1.51905 11.6892
2.57311 2.20022 12.0622
1.8969 1.74193 12.148
-1.93047 0.61149 11.157
4.42577 -0.220949 12.5113
4.42577 -0.220949 12.5113
4.2314 -0.0926454 12.7158
3.9922 -0.312852 13.1121
3.7932 -0.426396 13.2231
3.56769 -0.275766 13.4881
3.47469 -0.368918 13.5794
4.07806 -0.548977 12.8631
3.83982 -0.453778 13.2399
3.73298 -0.671987 13.3092
3.47731 -0.558309 13.5411
3.19734 -0.600229 13.9158
-1.01978 -1.4225 11.6471
-2.63198 -1.67593 10.2191
4.3762 -0.939723 12.4508
4.39518 -0.942928 12.4815
3.83648 -1.0773 13.1119
3.62681 -1.0329 13.3138
3.47312 -0.918543 13.5067
3.2384 -0.943968 13.7845
3.17162 -0.906889 13.8744
4.22384 -1.21303 12.6178
3.89593 -1.1775 13.0184
-1.39449 -1.90797 11.3455
-1.55804 -1.87899 11.2129
-1.77176 -2.06618 11.0439
-3.61166 -2.22091 9.37005
3.71248 -1.714 12.9813
3.20321 -1.78535 13.6102
4.21976 -1.95612 12.5219
3.78412 -2.02501 12.9707
3.51807 -1.91707 13.2106
3.45632 -1.9462 13.261
3.23991 -1.86868 13.5609
-3.46609 -2.62708 9.47992
4.23011 -2.17354 12.4753
3.31751 -2.4461 13.4185
-3.57514 -2.7346 9.38604
-3.68859 -2.68242 9.29585
3.41522 -2.61695 13.2923
3.51383 -2.66209 13.1723
3.45117 -2.64623 13.259
-2.2571 5.79124 8.28891
-1.41258 5.77947 8.03994
-2.23675 5.74318 8.31343
1.61144 6.32648 7.86972
1.49113 6.38648 7.87504
1.49113 6.38648 7.87504
1.63246 6.3019 7.87789
1.66274 6.27124 7.88469
1.52084 6.19413 8.05158
1.49595 5.89771 8.28559
1.82323 5.84226 8.77265
3.60375 5.93517 10.2565
0.252731 3.31862 8.19754
-0.0266058 2.90877 8.0103
-1.02251 3.04523 9.93235
-3.58938 1.62968 9.7774
-3.7386 1.48152 9.63747
-3.46665 1.16544 9.83265
-3.57825 1.11306 9.7358
-2.03977 1.78334 11.14
-2.0909 1.75272 11.102
-2.9047 1.17237 10.3405
-2.95227 1.16477 10.2994
-3.5307 0.949104 9.7694
2.57738 2.80323 12.1215
2.57738 2.80323 12.1215
-1.70832 1.63339 11.4157
-3.13021 0.900789 10.1141
-3.12811 0.90079 10.1077
2.9214 1.76216 11.958
2.52243 2.00073 12.0523
2.51941 2.00228 12.0481
2.24638 1.8016 12.0754
1.80367 1.77999 12.1608
1.57999 1.54816 12.1872
-1.1567 0.914279 11.8661
-1.41983 1.09232 11.6353
-1.66423 0.632028 11.384
-2.04701 0.545338 11.0438
-3.63384 -0.49302 9.5426
-3.54564 -1.13123 9.52213
4.47301 -0.0203553 12.4704
-3.49965 -1.27903 9.55403
4.37891 -0.0837194 12.5717
3.68559 -0.116349 13.3994
3.64811 -0.125141 13.4175
3.71473 -0.241298 13.3345
3.48429 -0.189321 13.5508
3.49719 -0.180181 13.5841
3.58216 -0.404968 13.4561
2.89763 -0.278649 14.163
2.9669 -0.319938 14.2046
3.00532 -0.404853 14.1482
2.89709 -0.338465 14.1522
-2.51064 -1.38957 10.2982
4.07565 -0.677033 12.832
3.6848 -0.518282 13.3864
3.67153 -0.620502 13.3183
3.48993 -0.627115 13.5275
3.49063 -0.67406 13.5118
3.16564 -0.549878 13.861
3.05915 -0.615077 13.96
2.84543 -0.644837 14.1983
4.18223 -0.747743 12.6944
3.5201 -1.06632 13.4261
3.49944 -1.13934 13.4308
-1.7364 -1.75154 11.103
-2.00146 -1.76229 10.8806
3.87625 -1.36337 12.9959
3.76277 -1.1709 13.1492
3.76277 -1.1709 13.1492
3.53659 -1.40717 13.3352
3.51247 -1.42157 13.4045
3.00911 -1.25739 13.9533
2.91901 -1.48548 14.0047
2.88752 -1.49391 14.0564
3.73704 -1.77442 13.0447
3.35084 -1.79972 13.4465
0.15395 -2.09275 12.8267
4.03362 -1.95968 12.7103
3.77026 -1.93258 12.9784
3.36753 -1.88917 13.3706
3.42928 -2.00932 13.3206
4.08519 -2.06874 12.6443
4.10253 -2.08844 12.629
3.44713 -2.18039 13.316
3.44713 -2.18039 13.316
3.40584 -2.39502 13.3234
3.26195 -2.434 13.4746
3.24737 -2.4623 13.487
3.24737 -2.4623 13.487
4.30205 -2.3964 12.3745
4.30566 -2.46344 12.3635
4.10693 -2.58791 12.5542
4.06384 -2.59021 12.6103
3.42742 -2.54634 13.2869
3.38798 -2.6232 13.3252
3.5424 -2.62032 13.1521
3.55244 -2.7043 13.1306
3.46526 -2.63434 13.2283
3.46526 -2.63434 13.2283
3.32483 -2.71032 13.3719
-0.937647 -1.30044 11.7041
-2.16249 1.06177 10.9813
3.91372 -1.56942 13.0612
3.69231 -1.73125 13.0938
3.21969 -1.98762 13.5554
6.30491 3.87324 11.0931
3.70887 -0.975965 13.2784
3.70276 -1.85411 13.071
3.33962 -1.92124 13.4512
-2.91931 -0.971337 10.0842
3.4145 -1.87509 13.3807
3.5575 -1.95429 13.2207
3.30519 -1.96561 13.4851
-3.50111 -1.76622 9.13788
-1.66606 1.01875 11.3003
-2.38687 1.86266 10.9731
-1.81681 0.116045 11.1456
2.59671 -1.01583 14.4536
-3.23617 1.71021 10.0556
1.75155 1.9874 12.211
-3.03755 -1.15697 9.95815
3.40564 -1.59311 13.5322
2.41645 2.45712 12.1348
4.30793 -0.507298 12.6231
4.61449 -1.13991 12.2218
-0.179074 -1.32997 12.6527
-2.10017 -1.40555 10.7689
3.14283 -1.66162 13.7617
-3.15262 2.23155 10.2016
-2.23445 1.30866 10.9759
1.76386 3.23721 12.2449
2.3231 2.80922 12.1741
2.011 2.9693 12.2479
-1.68663 0.560003 11.378
4.39465 -0.101125 12.5587
4.26738 -0.622766 12.668
4.26738 -0.622766 12.668
4.43064 -0.996271 12.4131
3.97532 -1.723 12.8854
-3.23623 1.85749 10.1004
2.16737 2.11017 12.1181
-1.79981 1.58438 11.338
3.73952 -0.890476 13.2755
-3.33784 -1.19175 9.68766
-4.00343 -1.13073 9.16783
-1.85122 -1.19181 10.9805
-3.62655 -1.55849 9.42972
4.01322 -1.86751 12.7506
4.14545 -1.94949 12.5997
-1.69381 -1.91221 11.1345
1.82165 5.91727 8.50972
1.82165 5.91727 8.50972
1.89519 5.88768 8.61229
2.32453 3.21989 12.2035
3.05628 1.85208 11.9475
2.86855 1.82239 11.9754
2.34197 1.72326 12.0604
-3.00829 1.00629 10.2259
4.23628 -0.748143 12.6404
4.00764 -0.587299 13.005
3.63283 -0.636721 13.3889
3.83354 -1.28215 13.0644
3.65644 -1.13396 13.2571
-0.457422 -1.48708 12.251
-2.5191 -1.58048 10.3193
-0.583293 -1.737 12.0783
-1.22872 -1.67706 11.4742
-1.98087 -1.6695 10.8742
3.43942 -1.96495 13.3448
3.4408 -1.96721 13.3514
1.47969 5.89654 8.42896
2.20519 3.14591 12.2562
2.5316 2.81805 12.1362
-3.05355 2.08509 10.2873
-3.48122 2.03737 9.89426
3.04482 2.31578 12.0061
-3.14123 1.81224 10.1705
-3.70964 1.69651 9.68623
2.99579 1.98359 11.9602
2.53637 2.14839 12.0695
1.79286 1.71566 12.1679
1.58219 1.91382 12.2318
-1.83014 1.57042 11.3119
-2.10868 1.60049 11.0648
-1.54646 1.0865 11.5075
-1.6666 0.665707 11.4078
4.2515 -0.349082 12.6787
4.12904 -0.733 12.7755
3.94605 -0.794767 13.0345
3.94605 -0.794767 13.0345
3.58531 -0.756062 13.4097
-2.87669 -1.1783 10.0952
-2.87708 -1.17844 10.0945
4.23668 -1.25839 12.5958
3.74628 -1.34331 13.1154
3.31872 -1.80478 13.4945
-0.267611 -1.78756 12.4277
-1.14445 -1.65849 11.547
-1.1437 -1.65804 11.5455
-2.85597 -1.7652 10.0419
1.4504 5.93283 8.39068
2.29507 5.95059 8.53621
2.30602 3.57851 9.48666
-3.10825 2.29671 10.2226
-3.19224 2.29347 10.1478
-3.35636 2.28154 10.0126
-3.29546 2.18228 10.056
-3.46086 2.19315 9.93093
-3.47428 2.11813 9.90832
-3.58564 2.13782 9.81224
2.53684 2.90769 12.1422
2.12993 2.89565 12.2078
-3.11053 2.19083 10.2087
-3.53569 2.04775 9.85014
-3.71891 1.95114 9.71219
-2.78275 1.67945 10.4979
-3.29 1.54953 10.0402
-3.29011 1.54935 10.0433
-3.63929 1.3259 9.70643
2.27823 1.82276 12.0838
-1.57711 1.77277 11.5458
-3.54079 1.09225 9.77056
-1.9765 1.20977 11.161
-2.13378 1.32087 11.0253
-2.91303 1.11013 10.3244
-2.11819 0.881819 11.0171
-1.41554 0.935875 11.629
-1.56804 0.666515 11.4887
-2.21952 0.668954 10.8803
-1.72401 0.534875 11.3376
4.51541 -0.157175 12.445
3.75258 -0.08893 13.3309
4.34419 -0.745471 12.5242
4.24935 -0.813308 12.6303
4.24935 -0.813308 12.6303
-3.13673 -0.925037 9.89775
2.9241 -0.863195 14.0417
-2.91171 -1.01466 10.0864
-2.91352 -1.01516 10.0896
-3.37547 -1.14275 9.68904
3.28743 -1.31845 13.6561
-2.46133 -1.3698 10.365
-0.670299 -1.72729 11.9949
-3.53478 -1.82656 9.34609
3.57855 -1.99034 13.1705
3.51622 -2.03715 13.2531
-1.92783 -1.8901 10.9383
-1.96506 -1.85451 10.9027
-2.90305 -1.85296 9.98658
2.01481 5.97029 8.50886
2.19098 5.9606 8.85845
3.61464 5.986 10.1998
3.63534 5.93607 10.2307
2.27192 3.14718 12.2232
-3.26401 2.29674 10.086
-3.443 2.25803 9.94297
1.78621 2.74811 12.247
-2.86174 2.05751 10.4363
-3.34672 1.74947 10.0013
-3.53085 1.80907 9.84529
2.2459 1.99979 12.1018
-1.51226 1.66535 11.5933
-1.94735 1.48434 11.2146
-3.11381 1.24027 10.1575
-2.05437 1.23543 11.0836
-2.96622 1.15571 10.2793
-1.83921 0.70055 11.2374
-2.10911 0.708764 10.9933
-2.10911 0.708764 10.9933
4.16148 0.034828 12.8237
4.06152 0.0435206 12.8978
4.11058 -0.608368 12.8109
-3.3956 -0.966312 9.68022
3.215 -0.988757 13.7519
-2.26293 -1.10309 10.6173
3.87896 -1.31532 13.0117
2.97378 -1.02418 14.0373
2.8609 -1.51101 14.0732
3.91731 -1.70551 12.8908
-1.91057 -1.71155 10.9347
-2.73541 -1.69225 10.1326
-2.73541 -1.69225 10.1326
-3.26221 -1.67833 9.70511
-3.17051 -1.76675 9.77392
3.33943 -2.08052 13.4427
-2.9633 -1.94023 9.90899
-3.00252 -1.93059 9.87537
-1.37475 5.76808 8.03641
2.23773 5.94072 8.62067
2.016 5.92944 8.6143
4.71511 7.12296 10.9749
3.61223 5.89465 10.2534
0.297023 2.8409 8.16576
0.151804 2.9258 8.07447
0.0967815 2.88386 8.05735
0.0954869 2.8862 8.06833
2.39049 3.19881 12.1946
1.7923 3.19198 12.3083
2.57001 2.76639 12.1298
2.47249 2.12515 12.0786
1.97274 2.26661 12.194
-2.86609 1.74137 10.4252
-1.65691 1.6242 11.4393
-1.85626 1.59786 11.2787
-3.29169 1.25804 10.0198
-3.42233 1.19617 9.89392
2.63204 1.55219 11.9889
2.63219 1.55289 11.9898
2.37097 1.55669 12.0433
-2.09169 1.22471 11.058
-3.11816 1.0685 10.1344
-1.20237 1.28415 11.8385
-1.83739 0.963054 11.2613
-1.57415 0.780573 11.4864
-2.12841 0.759537 10.989
-2.26521 0.755594 10.8737
-2.2278 0.690104 10.8927
-1.24428 0.655265 11.7721
-4.12359 -0.153906 9.15157
4.21015 -0.168752 12.746
4.26639 -0.231388 12.6669
-3.64296 -0.469766 9.52726
4.14855 -0.541232 12.7571
4.14643 -0.545592 12.7417
-3.67339 -0.713264 9.45377
3.68812 -0.708099 13.2796
4.12513 -0.931848 12.757
4.10827 -0.976735 12.773
3.80373 -1.00807 13.1252
3.65412 -0.872331 13.2929
3.46102 -1.04391 13.4669
0.436342 -0.963791 13.2001
-0.898483 -1.07159 11.7497
-2.04051 -1.08601 10.8114
-2.37243 -1.21978 10.4928
-3.89031 -1.38682 9.20789
-3.91685 -1.37925 9.18662
-1.53433 -1.57332 11.2616
-1.56468 -1.56128 11.2417
-3.08175 -1.4954 9.88759
3.93735 -1.78319 12.8538
3.43265 -1.74185 13.3613
-0.690633 -1.6293 11.9719
-0.685927 -1.66774 11.9731
-2.83989 -1.67709 10.0622
-2.83989 -1.67709 10.0622
-3.43005 -1.69419 9.55384
4.26717 -1.92673 12.4877
4.2364 -1.99485 12.4927
3.94282 -2.07066 12.7972
3.64597 -1.95323 13.0917
3.40777 -1.91507 13.3791
-1.65236 -1.9686 11.1317
-1.29759 5.7905 7.87744
-1.41258 5.77947 8.03994
1.77353 5.84446 8.67074
1.83367 5.85157 8.73208
6.52944 5.36075 11.027
-0.0728527 2.90704 7.98638
-0.0739898 2.90916 7.99327
-3.3074 2.34182 10.0556
-3.64783 2.12457 9.76381
1.64558 2.84491 12.3096
1.64981 2.7892 12.3089
-3.10363 2.11903 10.233
-3.29014 2.05043 10.0715
-3.33701 2.07742 10.018
-3.43537 2.03013 9.94265
-3.35093 1.9857 10.0045
-3.50173 1.87666 9.87805
-3.50173 1.87666 9.87805
-3.60717 1.94034 9.78876
-3.54051 1.8409 9.84474
-3.74618 1.84504 9.66551
-3.76358 1.80701 9.64677
2.23561 2.54946 12.1771
1.7201 2.4027 12.286
-3.01623 1.88501 10.2976
-3.7564 1.67788 9.64188
-3.73974 1.57236 9.64469
-3.76413 1.51892 9.61066
2.56301 2.10769 12.0532
2.56301 2.10769 12.0532
1.89102 2.205 12.2028
1.82972 2.25496 12.2207
-1.49432 2.0483 11.613
-1.52084 2.02326 11.5829
-2.08444 1.7224 11.107
-2.92879 1.69906 10.3751
-2.94055 1.66832 10.3526
-2.9403 1.66846 10.3531
-3.64579 1.48696 9.72409
-3.53089 1.40282 9.81088
-3.60465 1.33205 9.73844
-3.73735 1.45728 9.63278
-3.66447 1.41687 9.69315
-3.7091 1.39563 9.64801
-3.72913 1.35057 9.64346
3.00852 1.81292 11.9325
2.73849 1.95641 12.0069
2.23771 1.84625 12.0797
2.10058 1.95098 12.1341
1.94952 1.90764 12.1599
1.57895 1.82934 12.2205
-2.05523 1.45128 11.0966
-2.76498 1.28911 10.4747
-3.0311 1.3236 10.247
-3.03106 1.32438 10.249
-3.21133 1.30731 10.0681
-3.27462 1.20345 10.0275
2.58117 1.54333 11.9951
1.58024 1.54954 12.1898
-1.31434 1.47229 11.7455
-1.9537 1.17123 11.1875
-2.34564 1.13267 10.8307
-2.88259 1.17547 10.3685
-3.25947 0.938185 10.0119
-1.88635 1.07586 11.2285
-1.78458 1.04145 11.3123
-1.99719 0.966354 11.1247
-2.05724 0.948522 11.0762
-1.54533 0.888624 11.5109
-1.63185 0.875182 11.4396
-1.96504 0.618949 11.1366
-2.24322 0.801146 10.8978
-2.24394 0.798168 10.8806
-1.26512 0.633981 11.7473
-1.59987 0.596686 11.4426
4.22448 0.0378861 12.754
4.53386 -0.298188 12.3915
4.43689 -0.156063 12.4889
4.29366 -0.241233 12.638
4.06601 -0.144368 12.9188
4.60805 -0.404113 12.2617
4.28739 -0.34402 12.6354
4.14019 -0.342302 12.7899
4.21705 -0.831137 12.666
4.18471 -0.567933 12.722
4.08201 -0.580874 12.8285
3.6812 -0.533462 13.3209
3.57262 -0.660238 13.4232
-3.44951 -0.968226 9.63417
-3.88772 -0.962046 9.24222
4.15269 -0.965145 12.7075
4.02762 -1.08305 12.8909
3.96112 -1.02429 12.9804
3.98413 -1.05259 12.9504
3.88174 -0.821828 13.0913
3.90868 -0.864285 13.0624
3.95951 -0.953884 12.9924
3.58471 -0.880402 13.3828
3.68498 -0.961097 13.273
-2.3639 -1.05596 10.4918
-2.49946 -1.06287 10.3279
-3.52625 -1.2488 9.53428
4.09562 -1.14968 12.7577
3.94881 -1.12002 12.961
3.91788 -1.168 12.9912
3.83706 -1.25817 13.0548
3.70334 -1.30039 13.1863
3.71439 -1.34535 13.1701
3.68016 -1.09431 13.2474
-0.3086 -1.32278 12.4608
-1.7937 -1.38941 11.062
-2.34412 -1.2373 10.5298
-2.40284 -1.25406 10.4379
-2.40284 -1.25406 10.4379
-3.17186 -1.25086 9.84762
-3.49668 -1.25394 9.56419
-4.00419 -1.44663 9.1111
3.61814 -1.36773 13.2476
3.28559 -1.38823 13.6564
2.90301 -1.36003 14.0375
2.88385 -1.33771 14.0802
0.237405 -1.5889 12.9827
-0.314639 -1.52682 12.4049
-0.400247 -1.45545 12.3395
-1.1368 -1.45216 11.5704
-1.81275 -1.47422 11.0396
-3.04654 -1.48449 9.913
-3.17544 -1.55375 9.80189
-3.31957 -1.57666 9.67092
-3.68691 -1.48624 9.37733
-0.952687 -1.64679 11.6687
-1.34518 -1.73157 11.3942
-1.64506 -1.65832 11.1674
-1.9228 -1.72278 10.9329
-1.87972 -1.82157 10.9718
-2.6424 -1.65478 10.2114
-3.26897 -1.76372 9.702
4.35405 -2.04713 12.3867
-0.773046 -1.99013 11.8171
-3.41722 -1.88466 9.53123
-1.37948 5.80578 7.88026
-1.40958 5.79626 7.92979
1.42269 5.94946 8.32844
1.51996 5.89977 8.31928
-1.38209 5.78884 8.02336
-0.0700034 2.98178 7.99401
0.18815 2.84726 8.09517
-0.903954 3.59342 9.87365
-3.80112 2.65425 9.67594
4.08387 2.77411 10.8443
1.94572 3.24645 12.3092
-3.1469 2.43857 10.1936
-3.14266 2.43575 10.1837
-3.10746 2.32768 10.2237
-3.14254 2.26216 10.1967
-3.25262 2.32156 10.1049
-3.18118 2.24261 10.1642
-3.3274 2.18301 10.0253
-3.49299 2.27563 9.896
-3.46811 2.1935 9.91111
-3.5705 2.21712 9.83101
-3.65569 2.14453 9.75523
-3.02142 2.0472 10.2895
-3.12662 2.02986 10.2224
-3.30143 2.10925 10.0536
-3.34334 2.10438 10.0171
-3.28976 2.09024 10.0553
-3.4431 2.08943 9.92905
-3.35679 2.06264 10.0043
-3.39252 2.05651 9.96615
-3.38173 2.00806 9.98926
-3.51264 1.88878 9.86325
-3.56731 2.0477 9.82502
-3.56731 2.0477 9.82502
-3.54653 1.88911 9.83319
-3.77617 1.75985 9.63779
2.94701 2.5524 12.0513
2.54738 2.54822 12.1076
1.98252 2.62085 12.2413
-2.92861 2.0048 10.3785
-3.18492 1.71485 10.146
-3.74532 1.51517 9.63274
-3.73456 1.49261 9.64057
2.5616 2.25423 12.0859
-2.03245 1.7583 11.1318
-2.8393 1.75839 10.4493
-2.75085 1.61332 10.5032
-2.70042 1.58646 10.5546
-2.92176 1.64177 10.3583
-3.30306 1.37143 10.0133
-3.64272 1.45897 9.71597
-3.67711 1.4786 9.68892
-3.67711 1.4786 9.68892
-3.71852 1.48346 9.64945
-3.71852 1.48346 9.64945
-3.70204 1.37221 9.65754
-3.76715 1.42917 9.60888
-3.81962 1.4362 9.56659
-3.80354 1.34032 9.56834
2.62314 1.90261 12.0227
2.54375 1.94837 12.027
2.27414 1.89772 12.0972
1.73877 1.80163 12.1833
1.56496 2.0176 12.2395
1.57164 1.99281 12.24
-1.60239 1.81679 11.5152
-1.80642 1.69545 11.323
-2.01599 1.68212 11.1509
-1.9301 1.57107 11.2075
-2.14438 1.47477 11.0371
-2.93739 1.40825 10.3293
-2.94894 1.18647 10.3032
-3.09366 1.16836 10.1667
-3.26797 1.31282 10.0346
-3.31926 1.29997 9.98786
-3.33041 1.17981 9.97724
-3.31708 1.15181 9.9773
-3.33686 1.13697 9.9603
-3.35349 1.13672 9.94803
-3.52754 1.24645 9.78747
-3.59872 1.24677 9.73379
-3.59872 1.24677 9.73379
-3.54972 1.1854 9.76592
-3.44222 1.09289 9.85519
-3.56832 1.135 9.74528
-3.59968 1.12087 9.72282
-3.51786 1.03885 9.78503
-3.58452 1.04996 9.71882
-1.32505 1.33234 11.7356
-1.92729 1.2022 11.2035
-2.73264 1.23577 10.5035
-2.73061 1.23398 10.4954
-2.80488 1.13971 10.425
-2.94611 1.06424 10.2917
-3.29661 1.03095 9.97927
-3.28362 0.917352 9.98252
-3.48647 0.94323 9.80066
-1.6506 1.01545 11.4107
-1.75245 1.12966 11.3441
-2.07628 0.900412 11.0475
-2.29551 0.745888 10.8456
-2.22924 0.629672 10.8904
-1.36263 0.441743 11.6464
4.34955 -0.114219 12.5909
4.179 -0.120793 12.782
4.07767 -0.00307406 12.9141
4.15708 -0.110294 12.8029
3.80183 -0.129144 13.2549
3.68758 -0.086921 13.3472
4.44712 -0.399686 12.4521
4.22195 -0.439587 12.6998
3.68641 -0.486603 13.3073
-2.76642 -0.730056 10.2031
3.8791 -0.670361 13.1229
3.45427 -0.739238 13.5314
3.97939 -0.944267 12.9526
3.52498 -0.874319 13.4426
3.47514 -0.845504 13.5079
3.03058 -0.965659 13.9928
2.99379 -1.00697 14.0135
-0.863257 -0.896612 11.7849
-1.94133 -1.10409 10.9075
-2.4873 -1.19255 10.3223
-3.50288 -1.14076 9.55873
4.37423 -1.15722 12.4714
3.77549 -1.27649 13.115
3.64818 -1.09444 13.2733
0.365918 -1.10318 13.1347
-0.301647 -1.40373 12.4343
-1.09765 -1.54461 11.5926
-2.24059 -1.41941 10.6419
-2.31774 -1.62261 10.5668
-2.66252 -1.49772 10.218
-2.77241 -1.62896 10.1253
-3.26934 -1.48257 9.74603
4.41357 -1.70456 12.3549
-0.106132 -1.67292 12.5989
-1.20989 -1.73212 11.4938
-2.05603 -1.68348 10.8176
-2.76004 -1.64591 10.134
4.05938 -2.04635 12.6786
3.28638 -2.0028 13.4975
-1.66494 -1.99162 11.1174
-1.61339 1.01161 11.4656
-1.61339 1.01161 11.4656
-1.78462 0.111231 11.2596
-2.12185 0.774245 11.0348
-3.96674 -1.25641 9.18132
3.80432 -3.11557 12.8299
4.99521 3.92345 10.5891
4.99521 3.92345 10.5891
4.51501 -0.965674 12.3071
-2.67593 2.63575 10.6868
-1.89892 1.97643 11.3557
0.195152 -1.82346 12.8979
-2.77094 -1.95168 10.0753
-3.32542 -1.84326 9.6394
-3.5859 2.46378 9.8412
-1.22378 -2.44615 11.3507
-3.08365 -2.14025 9.80157
-2.04653 1.64616 11.1448
-0.296626 -2.20524 12.3468
-3.80378 -1.40494 9.2761
-3.72385 -2.57024 9.28474
-2.26974 -0.992947 10.6841
-2.51475 -0.924095 10.305
-1.58614 -1.74472 11.2319
-3.19552 -1.45417 9.80237
-2.71393 -2.32361 10.1514
-2.71393 -2.32361 10.1514
-3.22792 -2.21242 9.67865
-1.81745 -2.76998 10.9515
-3.45258 -2.88734 9.48051
-3.23702 1.85638 10.1077
-3.08916 -0.907603 9.9373
-2.2807 -1.28734 10.6137
-1.03504 -1.66562 11.6141
4.50528 -2.69483 12.1355
-3.49626 -2.56973 9.46338
-3.49626 -2.56973 9.46338
-3.79617 -2.63216 9.21666
1.99028 5.86603 9.43117
-3.64421 1.58198 9.72515
-1.83916 1.04824 11.2804
4.53805 -0.0024533 12.3975
-2.46078 -0.42568 10.3543
4.35394 -1.81856 12.4053
-0.996257 -1.80005 11.6459
-3.21412 -1.38591 9.78372
-0.943988 -1.88309 11.6516
3.49337 -2.84369 13.192
-3.2815 -2.45177 9.62151
-1.93348 -2.8638 10.8357
-2.75745 -2.78193 10.1353
-3.17581 -2.57962 9.69918
-3.71861 -2.66236 9.27692
-3.88567 -2.4909 9.13296
2.26746 2.5593 12.1678
2.26746 2.5593 12.1678
2.80738 2.27397 12.0347
1.59418 2.07281 12.2382
2.47951 1.74292 12.0171
-1.72529 1.7761 11.4051
-1.53642 1.17161 11.5271
-1.6474 1.18016 11.4485
3.99707 -0.0635286 12.9574
3.84645 -0.22398 13.1874
-0.713227 -1.56002 11.9762
-1.0021 -1.30131 11.6823
4.43559 -1.876 12.2951
-0.11144 -1.72023 12.595
-2.04307 -1.53309 10.8314
-2.32144 -1.46352 10.5778
-2.32144 -1.46352 10.5778
-1.7054 -1.74726 11.1181
-2.8049 -1.65322 10.1007
-2.8049 -1.65322 10.1007
-3.2886 -1.45505 9.73327
-3.8514 -1.44775 9.24168
-3.75039 -1.51116 9.33562
-2.62863 -2.03066 10.1941
4.04834 -2.60052 12.6413
4.22101 -2.88329 12.3943
-0.132723 -3.03132 12.5082
-3.22165 -2.38042 9.68055
-3.55215 -2.47375 9.42141
-3.58306 -2.60211 9.3834
-3.59693 -2.79559 9.36627
-3.53236 -2.86489 9.41255
1.80589 2.27621 12.2352
1.65314 2.26809 12.277
2.53281 2.05903 12.0677
-3.05312 2.08304 10.2804
-1.94103 1.75809 11.2009
-3.49168 1.24399 9.83369
-3.73182 1.36075 9.63036
-3.73182 1.36075 9.63036
-3.61467 1.19888 9.6849
-1.17804 0.922685 11.8404
-3.2311 0.906132 10.0239
4.31651 0.00141963 12.627
-1.31044 0.557453 11.6923
3.93031 -0.319222 13.0629
4.47738 -0.757724 12.3942
4.15899 -0.906365 12.7277
4.43427 -1.19754 12.4041
3.75848 -1.12443 13.165
-0.887497 -0.844515 11.7866
3.41012 -1.77008 13.382
-0.464464 -1.33741 12.2762
-0.860485 -1.27389 11.7799
-3.53049 -1.03311 9.54945
4.21517 -1.98158 12.5236
0.00558147 -1.89227 12.6919
0.00710463 -1.89391 12.6841
-0.385556 -1.94263 12.2693
-0.926754 -1.57311 11.6828
-2.23595 -1.46293 10.6528
-3.47246 -1.26671 9.57751
-0.881551 -1.92756 11.6878
-3.73012 -1.41678 9.3755
-3.69758 -1.41719 9.35589
-1.29299 -2.34385 11.3263
-3.21355 -2.10157 9.69078
-3.54316 -2.019 9.428
-3.56378 -2.14393 9.4219
-3.79212 -2.01941 9.20194
-0.960693 -2.88398 11.6937
-2.58374 -2.61293 10.3147
-2.80584 -2.34581 10.0498
-3.22717 -2.50484 9.66619
-3.48981 -2.39253 9.46871
-3.48981 -2.39253 9.46871
-2.26286 -2.75235 10.5856
-2.57291 -2.68472 10.3217
-2.62011 -2.77468 10.2685
-3.02541 -2.68579 9.82513
-3.02541 -2.68579 9.82513
-3.35536 -2.73282 9.56662
-3.13728 -2.95857 9.71007
-3.28929 -2.94621 9.59747
0.0699133 3.15655 8.07912
0.46927 2.89768 10.3322
1.58951 2.68506 12.3042
2.9932 1.76818 11.9371
1.5095 1.9055 12.2796
-1.95147 1.60145 11.2095
-3.1623 1.72442 10.1558
-1.32272 0.455082 11.658
-1.7621 0.583282 11.2913
3.96329 -0.398716 13.0041
3.2457 -0.145052 13.7447
3.51195 -0.854158 13.456
3.54894 -0.905404 13.3944
3.71306 -1.28974 13.1705
0.179879 -0.910927 12.9625
-3.69481 -0.671643 9.44405
0.177252 -1.60118 12.9508
-2.16338 -1.2081 10.6889
-2.16823 -1.21147 10.6945
-3.03382 -0.991059 9.97582
-3.03382 -0.991059 9.97582
-3.18607 -1.00753 9.85597
-0.76099 -1.85808 11.8887
-1.66404 -1.70527 11.1597
-2.30248 -1.515 10.5584
-2.68772 -1.46093 10.2049
-3.81105 -1.24266 9.28862
-0.0780976 -2.22083 12.5589
-0.263918 -2.06472 12.3901
-0.696118 -1.91381 11.9371
-0.908125 -1.88876 11.6745
-1.12747 -2.01976 11.5365
-1.66492 -1.90483 11.1308
-2.82313 -1.71965 10.063
-3.08527 -1.48697 9.8897
-1.84131 -2.12041 10.9806
-3.44876 -1.88942 9.49884
-1.35711 -2.37953 11.2955
-2.9282 -2.28929 9.90665
3.45862 -3.02364 13.1989
-1.1511 -2.78532 11.4745
-2.53996 -2.63399 10.3542
-2.81682 -2.42304 10.0391
-2.83901 -2.46704 10.0278
-3.3442 -2.48141 9.57057
-3.49201 -2.26399 9.46772
-3.63216 -2.18213 9.35751
-3.57024 -2.25316 9.4061
-1.55177 -2.93997 11.14
-2.41714 -2.79692 10.4474
-2.8665 -2.6269 9.96753
-2.8665 -2.6269 9.96753
-3.39686 -2.51318 9.53726
-3.42587 -2.46888 9.51489
-3.30913 -2.73585 9.59003
-3.38746 -2.7243 9.52794
-3.38746 -2.7243 9.52794
-3.47602 -2.66115 9.45882
-3.62583 -2.68636 9.34766
-3.21017 -2.88837 9.65499
-3.36469 -2.82424 9.54368
-3.36469 -2.82424 9.54368
-3.63967 -2.77531 9.32721
2.09488 5.90339 9.45341
-0.00221176 3.52849 8.09393
1.7963 3.54035 10.2814
0.0979653 3.01645 8.07763
2.62227 2.62206 12.0988
1.48097 2.51452 12.3638
2.62721 2.04873 12.0363
1.90239 1.87098 12.1557
-3.7868 2.63238 9.69117
2.73308 1.55216 11.97
2.28975 1.77895 12.0794
2.07837 1.62392 12.1081
1.91193 1.80154 12.1699
1.93342 1.69926 12.1626
1.93342 1.69926 12.1626
-1.47208 2.0962 11.5934
-3.77025 1.84954 9.64566
-3.77025 1.84954 9.64566
-1.28945 1.50056 11.776
-1.38451 1.28664 11.6921
-3.58387 1.40204 9.76828
-3.64182 1.4106 9.71402
-3.67402 1.31611 9.66711
-3.67598 1.31728 9.67043
-1.24162 0.706314 11.7705
-1.70847 0.497908 11.3409
3.6369 -0.173629 13.4187
3.2738 -0.250146 13.748
4.14348 -0.667025 12.7479
4.34438 -0.748183 12.528
3.91832 -1.12137 12.9958
-2.45118 -0.682731 10.3583
3.83102 -1.35218 13.0472
3.57324 -1.42855 13.3092
0.137361 -1.40674 12.8887
0.137361 -1.40674 12.8887
-0.987264 -1.34688 11.6789
-2.13902 -1.17638 10.7287
-3.3461 -1.10838 9.70627
-0.996077 -1.62292 11.6463
-1.71861 -1.56357 11.1162
-3.18895 -1.33261 9.82872
-3.52081 -1.35223 9.53343
-0.234903 -2.10173 12.4104
-1.91075 -1.71112 10.9309
-2.76912 -1.59153 10.1265
-2.83817 -1.62463 10.0587
-2.68033 -1.74369 10.1864
-3.01791 -1.47802 9.9473
-3.19207 -1.57435 9.79111
-3.32354 -1.55684 9.67671
-3.8966 -1.43152 9.20995
-1.04416 -2.17905 11.5558
-1.38526 -2.28516 11.2654
-2.88282 -1.8157 10.0077
-3.50762 -1.67536 9.50025
-3.48305 -1.71442 9.51318
3.70875 -2.75922 12.9558
-0.899728 -2.67945 11.712
-2.82208 -2.2925 10.0124
-3.3336 -2.04291 9.59227
-3.37458 -2.0074 9.58294
-0.0268036 -3.04694 12.5881
-0.768306 -2.84525 11.8555
-0.82154 -2.88747 11.8192
-2.02697 -2.68156 10.7938
-2.11528 -2.70554 10.7134
-3.25275 -2.29102 9.6562
-3.40685 -2.302 9.53386
-3.43471 -2.3576 9.51424
-0.0279861 -3.47494 12.5584
-0.624648 -3.2847 12.0003
-3.28047 -2.53206 9.6254
-3.25159 -2.61017 9.63814
-3.53399 -2.50718 9.42539
-3.47705 -2.71201 9.46797
-3.66396 -2.66867 9.31888
-2.81321 -2.9206 10.0307
-3.38005 -2.86769 9.53534
-3.49456 -2.84802 9.43808
-3.71772 -2.75146 9.26772
0.717386 3.52263 10.6237
0.717386 3.52263 10.6237
0.739079 3.47858 10.6426
0.708807 3.4806 10.6179
0.200496 3.00455 8.11922
0.487245 3.29255 10.4106
0.322495 2.89022 8.16863
0.322495 2.89022 8.16863
0.101908 2.90544 8.06106
1.91311 2.99054 12.2807
2.90153 2.5496 12.0604
1.89536 2.7468 12.2564
2.50846 2.1067 12.0702
2.21313 2.40696 12.1794
2.77169 1.9591 12.0069
2.66263 1.90653 12.0179
2.44478 1.95545 12.0685
2.3965 1.90255 12.0735
-1.59694 2.01015 11.5297
-3.09031 2.18342 10.2427
-3.27541 1.78969 10.0668
-3.66051 1.9422 9.73216
-3.66331 1.94248 9.73632
-1.19729 1.37837 11.8497
-1.27877 1.43522 11.7849
-3.33184 1.68805 10.0122
-3.58839 1.6315 9.78972
-3.78989 1.69168 9.61077
-3.76873 1.6481 9.62338
-1.21482 1.17342 11.8247
-1.96157 1.20483 11.1885
-2.20423 1.14728 10.9506
-3.66484 1.45617 9.69688
-3.66064 1.33071 9.68823
-1.27655 0.728402 11.7542
-1.99764 0.966214 11.127
-2.29409 0.993611 10.8536
-2.23196 0.761392 10.8918
-2.31621 1.04532 10.8472
-3.1388 1.09966 10.1243
-3.20771 1.07798 10.0618
-3.22845 0.93158 10.0297
-3.19881 0.91865 10.0578
-3.30616 0.936068 9.96933
-1.36709 0.493762 11.6381
-1.43754 0.471026 11.5785
-1.83317 0.610192 11.2364
3.42188 -0.472907 13.5954
3.87271 -0.753583 13.0668
3.75012 -1.04725 13.1625
3.99084 -1.33425 12.8876
3.87698 -1.31386 13.0059
3.79744 -1.39228 13.0757
-2.12795 -1.02286 10.7338
-3.62444 -0.728972 9.50708
3.64496 -1.791 13.1323
-0.467001 -1.43314 12.2767
-0.507918 -1.51223 12.2046
-0.526995 -1.47969 12.2056
-0.674543 -1.45113 12.0253
-0.769766 -1.50206 11.9041
-1.9736 -1.09925 10.8782
-1.97349 -1.10034 10.8795
-1.92042 -1.16887 10.9355
-1.97206 -1.26971 10.8886
-1.96977 -1.26971 10.886
-2.31281 -1.07576 10.5596
-3.17789 -1.14005 9.85087
-3.42268 -0.941411 9.66335
-3.42135 -0.9408 9.66082
4.10048 -2.00063 12.6338
4.12748 -2.01579 12.6142
3.63947 -1.93924 13.1252
-0.592992 -1.78444 12.0803
-0.589536 -1.89684 12.0715
-0.7288 -1.612 11.9461
-0.950007 -1.65061 11.6697
-1.66974 -1.51926 11.1743
-1.621 -1.58892 11.1942
-1.621 -1.58892 11.1942
-1.77482 -1.66597 11.0694
-2.06636 -1.49846 10.8056
-2.96192 -1.38873 9.99672
-3.83382 -1.10581 9.286
4.27055 -2.2171 12.4327
0.230561 -2.30111 12.8743
-0.00294156 -2.21992 12.6332
-0.254005 -2.03181 12.3942
-0.514692 -1.92495 12.1454
-1.35806 -1.84586 11.353
-1.35806 -1.84586 11.353
-1.40582 -1.8812 11.3366
-1.40312 -1.88031 11.331
-1.74134 -1.95547 11.0791
-2.10357 -1.70723 10.7921
-2.47965 -1.69855 10.3383
-3.04707 -1.48533 9.91692
-3.1434 -1.46401 9.852
-3.3998 -1.42823 9.65297
-3.36664 -1.58215 9.63412
-3.50497 -1.64037 9.51336
-3.65959 -1.50733 9.38684
-1.53184 -2.02448 11.2183
-2.69159 -1.859 10.1611
-2.65724 -1.89385 10.1848
-2.68007 -1.95416 10.1649
-2.89803 -1.88805 9.97419
-3.46274 -1.82199 9.50855
3.75741 -2.74456 12.9183
-0.0285113 -2.7987 12.5511
-1.43374 -2.43394 11.2397
-2.70825 -2.11048 10.1135
-3.01435 -2.23315 9.83104
-0.842248 -2.90602 11.7981
-2.78232 -2.42213 10.0925
-3.45227 -2.23638 9.50051
-3.49143 -2.22383 9.47048
-3.62544 -2.24071 9.35532
-3.55142 -2.37564 9.42061
-0.302354 -3.18086 12.3211
-0.594729 -3.18163 12.041
-1.65585 -2.88663 11.0604
-2.35949 -2.89027 10.4769
-3.3267 -2.53036 9.5851
-3.45615 -2.5089 9.48526
-3.58328 -2.65833 9.38666
-3.6082 -2.64462 9.36264
-3.79526 -2.57351 9.20655
-3.88495 -2.5529 9.13592
-2.44632 -2.9848 10.4066
-2.84262 -2.86134 10.0006
-3.31107 -2.87816 9.58313
-3.38027 -2.90906 9.525
-3.41321 -2.94469 9.48223
-3.68859 -2.68242 9.29585
-3.86579 -2.64868 9.14919
0.145749 3.47119 8.16209
0.149494 3.2222 8.12568
0.202672 3.05856 8.12136
-0.0513398 2.98448 7.99799
-0.0513398 2.98448 7.99799
1.57791 3.25642 12.3982
1.70931 3.18046 12.3537
1.54798 2.98646 12.3545
2.66193 2.64473 12.0934
2.70359 2.41888 12.0844
1.92377 2.7653 12.267
2.90445 2.02131 11.9789
2.51448 2.25236 12.0904
2.42225 2.10511 12.091
2.38534 2.10315 12.1008
3.01965 1.69937 11.9289
2.7837 1.9013 11.9982
2.95085 1.74973 11.9365
2.544 1.97647 12.0481
2.60254 1.90351 12.0386
1.95582 2.05154 12.1828
1.93108 2.02136 12.171
-3.02692 2.39332 10.292
2.12612 1.78748 12.1132
2.13676 1.60754 12.1023
2.04605 1.6606 12.1299
1.89309 1.69536 12.155
-3.49223 2.27611 9.8946
-3.632 2.16932 9.77802
-1.69956 1.66278 11.4121
-2.86394 1.97995 10.4207
-2.90113 1.88222 10.3941
-3.18528 1.77101 10.1525
-3.18103 1.76943 10.1471
-3.41605 1.97632 9.95308
-3.47029 1.96378 9.90825
-3.6904 1.94963 9.73242
-1.32411 1.33469 11.7388
-1.40248 1.47211 11.6661
-1.53259 1.57251 11.5631
-1.44502 1.34755 11.6444
-1.70483 1.54276 11.4098
-1.85239 1.46742 11.2784
-2.1226 1.50779 11.0431
-2.70039 1.58709 10.5547
-3.31954 1.72229 10.0264
-3.26293 1.61738 10.0668
-3.54741 1.78452 9.82974
-3.60399 1.65893 9.79462
-3.76189 1.73123 9.6389
-3.71026 1.60366 9.67569
-3.75412 1.60848 9.63198
-3.74569 1.54216 9.62941
-1.18751 1.03404 11.8212
-2.97673 1.36089 10.2933
-3.28735 1.35705 10.0279
-3.52787 1.24676 9.79019
-3.77607 1.48965 9.59657
-3.73466 1.39372 9.63106
-1.2154 0.949525 11.8119
-1.21669 0.642574 11.7954
-2.2898 0.916634 10.8612
-2.28855 0.915441 10.8562
-2.95179 1.12141 10.2929
-3.25118 1.12223 10.0309
-3.27892 1.0882 10.0089
-3.27762 1.00751 9.99946
-3.52025 1.124 9.79176
-3.53513 1.14044 9.7787
-3.38669 0.900909 9.88045
-3.48141 1.02667 9.80887
-3.63195 1.1415 9.69007
-3.63521 1.14241 9.69135
4.16644 -0.0881575 12.764
-1.23706 0.620097 11.7774
-1.74911 0.640298 11.3166
-2.24393 0.648096 10.8738
-3.20454 0.814674 10.0445
4.4669 -0.416195 12.4338
3.83665 -0.438078 13.1684
2.95784 -0.633993 14.05
4.2265 -0.866077 12.6531
3.80818 -0.854507 13.1499
3.61341 -0.790144 13.3571
-1.72 -0.513524 11.0973
4.38924 -1.01442 12.4707
4.2299 -1.10805 12.6596
4.46915 -1.19569 12.3683
4.14003 -1.19691 12.7168
0.519409 -1.05312 13.2959
0.494556 -1.01203 13.2791
0.444132 -1.0 13.2212
3.76431 -1.3049 13.1294
3.53136 -1.44342 13.356
-1.86072 -1.05467 10.9884
-2.15964 -1.03221 10.7054
-2.45201 -0.745735 10.3558
4.34834 -1.73492 12.4153
-0.49511 -1.36193 12.2531
-0.656676 -1.44597 12.0621
-0.850867 -1.5397 11.7829
-0.850867 -1.5397 11.7829
-0.998415 -1.45532 11.662
-1.78154 -1.12832 11.066
-1.74031 -1.34252 11.0984
-1.89068 -1.22229 10.9646
-1.96461 -1.0806 10.8851
-2.02551 -1.1416 10.8289
-2.10793 -1.30999 10.7558
-2.23255 -1.24097 10.6397
-3.44218 -0.947779 9.63941
-3.53785 -0.920516 9.56145
0.134636 -2.0308 12.8079
0.134636 -2.0308 12.8079
-0.534416 -1.8408 12.1305
-0.655164 -1.74253 12.0215
-2.37837 -1.2926 10.472
-2.44912 -1.49767 10.3758
-2.8484 -1.43134 10.0839
-2.84809 -1.431 10.0832
-2.81449 -1.48141 10.1126
-2.90494 -1.45819 10.051
-3.77822 -1.23982 9.32472
-3.88034 -1.19951 9.22985
4.09056 -2.16711 12.6258
3.67713 -2.26848 13.0494
3.67713 -2.26848 13.0494
3.357 -2.19883 13.4048
3.37257 -2.24499 13.3881
3.58859 -2.34218 13.1382
3.53992 -2.34753 13.1821
0.051371 -2.2714 12.6898
-0.102894 -2.04149 12.5478
-0.699458 -1.92957 11.9281
-0.891518 -1.92712 11.6729
-1.09566 -1.98307 11.5349
-1.35373 -1.87878 11.3755
-1.4095 -1.91863 11.3653
-1.43141 -1.97648 11.3001
-1.55249 -1.9422 11.2087
-1.70097 -1.78309 11.1247
-1.7119 -1.80412 11.1066
-1.79484 -1.82367 11.0492
-1.68683 -1.94052 11.1064
-1.66469 -1.9938 11.124
-1.78193 -1.86718 11.0573
-1.86651 -1.75776 10.9869
-1.86651 -1.75776 10.9869
-2.476 -1.56865 10.3384
-2.47038 -1.59461 10.3304
-2.70344 -1.55666 10.185
-3.22199 -1.55741 9.77014
-3.36729 -1.61863 9.6382
-3.40674 -1.55297 9.59838
-3.72645 -1.45207 9.34323
-0.172574 -2.31188 12.4161
-0.225475 -2.53416 12.3422
-1.30456 -2.32671 11.3135
-1.55587 -2.17603 11.1732
-2.64627 -1.82131 10.2021
-2.64709 -1.90415 10.2157
-2.63618 -1.89458 10.2003
-3.26972 -1.71411 9.69179
-3.34257 -1.73977 9.63863
-3.5637 -1.88325 9.40832
4.13598 -2.58145 12.5249
3.57232 -2.86213 13.1158
-0.197804 -2.7548 12.3861
-1.85066 -2.3199 10.9479
-2.90547 -2.07427 9.92544
4.27969 -2.95812 12.3024
-0.824157 -2.85977 11.8316
-1.59057 -2.73918 11.1135
-1.97575 -2.62423 10.8331
-1.84574 -2.8052 10.9167
-2.57884 -2.49886 10.3158
-3.39171 -2.36974 9.5494
-3.40145 -2.44043 9.53065
-3.52027 -2.24917 9.44714
-2.20606 -2.93586 10.605
-2.24047 -2.9638 10.5826
-3.22754 -2.54689 9.66629
-3.22754 -2.54689 9.66629
-3.2623 -2.63857 9.62593
-3.51282 -2.44883 9.44654
-3.90286 -2.56618 9.11976
-2.46116 -2.99967 10.382
-3.46947 -2.93657 9.4481
-3.522 -2.90442 9.39823
3.95946 -0.854904 13.7221
-2.87423 -1.00895 10.127
-3.59937 2.81159 9.81243
-3.59937 2.81159 9.81243
-2.55322 -0.661383 10.2874
-1.08073 2.24412 12.0327
0.169091 -1.25574 12.9337
-1.25186 -1.35366 11.5393
-3.38354 -1.07266 9.67871
-3.05906 -1.68703 9.87232
-3.06382 -1.68847 9.87763
6.40571 3.5506 11.2652
4.17686 -1.46518 12.6915
-1.02644 -0.99942 11.6703
-3.64262 -0.589494 9.517
-3.64407 -0.590258 9.51843
-3.72752 -1.11739 9.3906
-1.2742 -2.16385 11.3859
-1.2742 -2.16385 11.3859
-1.32836 1.96046 11.7267
-3.08361 1.80732 10.2274
-3.08361 1.80732 10.2274
-3.20402 0.842288 10.0501
3.07842 -1.38856 13.855
-0.183284 -1.30334 12.5896
3.69231 -2.07511 13.089
3.69012 -2.07909 13.0898
-1.45296 -1.57496 11.332
-1.65086 -1.41751 11.1769
-1.91772 -1.30472 10.9291
-2.3207 -1.48234 10.5356
-2.81029 -1.37034 10.1396
-3.0668 -1.39052 9.91637
-3.24117 -1.84035 9.6941
-3.55433 2.26579 9.83605
2.74575 2.15113 12.0397
-3.57807 2.00604 9.83488
-2.73162 1.9699 10.5457
-1.86355 1.29769 11.2549
-3.58575 1.2554 9.74674
-1.29619 0.545891 11.7161
-1.29619 0.545891 11.7161
-2.16994 0.67783 10.9152
-2.16994 0.67783 10.9152
-3.0125 0.72225 10.294
3.32964 -1.13385 13.5976
-0.939142 -0.741837 11.771
-0.949241 -0.743311 11.7903
4.6245 -1.13864 12.23
-0.427071 -1.327 12.3196
-0.251371 -1.62516 12.479
-2.23368 -1.17172 10.6928
-3.21189 -0.853287 9.87624
-3.61463 -1.03244 9.48996
-1.15648 -2.24943 11.5099
-3.63108 -1.42034 9.43193
4.08394 -2.9241 12.4964
-1.06407 -2.62682 11.5629
-1.06407 -2.62682 11.5629
-3.08187 -1.87131 9.8172
0.0819025 -3.36081 12.6913
-1.54309 -2.52322 11.1641
1.53274 2.71818 12.3401
1.53137 2.71841 12.3458
2.02262 2.0273 12.1494
-3.21731 2.02351 10.1209
2.41487 1.71027 12.0431
-1.65899 1.86573 11.4238
-1.34569 1.56213 11.7495
-1.2594 1.37173 11.7996
-1.94935 1.03687 11.1705
4.70133 0.0772298 12.3717
4.11273 -0.42534 12.8267
4.38876 -0.664833 12.4842
3.51211 -0.963462 13.4367
3.11015 -1.10554 13.8452
2.92381 -0.963178 14.0842
3.99057 -1.3494 12.9258
-0.784869 -1.19424 11.8156
4.4686 -1.67911 12.3388
4.2883 -1.67016 12.4847
-0.0488919 -1.58994 12.6791
-3.19974 -0.867029 9.86909
-0.901705 -1.62661 11.739
-3.19961 -1.14777 9.82605
-3.19961 -1.14777 9.82605
-3.27016 -0.997262 9.79204
-0.682176 -2.00304 11.8785
-1.39415 -1.87631 11.3447
-3.93617 -1.04345 9.20974
-2.71139 -1.64022 10.1873
-2.69827 -1.63133 10.1682
-3.36487 -1.48745 9.651
0.0953929 -2.98791 12.7074
-2.76985 -1.84292 10.137
-0.908713 -2.73629 11.6947
-0.908713 -2.73629 11.6947
-1.98876 -2.52391 10.8675
0.153679 2.87195 8.08292
0.762799 2.91282 10.6057
1.6226 2.85681 12.316
1.52884 2.28123 12.329
-2.95273 2.5051 10.5368
2.17738 2.11532 12.1563
1.85334 2.08296 12.2156
-1.56412 1.98133 11.5485
2.79889 1.89254 11.9743
2.79193 1.64123 11.9798
-2.57554 1.45479 10.6329
-2.84937 1.56107 10.4003
-3.58026 1.46766 9.77403
-1.19166 0.793245 11.7968
-1.39013 0.893546 11.657
3.75153 -0.109201 13.3599
2.75464 -0.326123 14.2981
4.57139 -0.352957 12.3156
3.46 -0.502284 13.5702
0.490619 -1.06309 13.2462
0.453926 -1.24387 13.1983
3.63015 -1.40892 13.2693
3.16421 -2.12778 13.6405
-0.605116 -1.50498 12.0889
0.187997 -2.19513 12.8718
-0.760531 -1.69586 11.9081
-0.671737 -1.87052 11.9588
-2.0052 -1.44531 10.8742
0.290633 -2.37064 12.8741
-0.0946755 -2.13607 12.5538
-1.53951 -1.8399 11.2458
-1.54333 -1.83883 11.248
-1.83307 -1.6161 11.0205
-2.17034 -1.59221 10.7212
-2.635 -1.40912 10.2389
-2.6294 -1.56646 10.2286
-3.20811 -1.26376 9.81095
-3.20811 -1.26376 9.81095
-3.35447 -1.31469 9.67864
-3.35447 -1.31469 9.67864
0.040636 -2.67175 12.6243
-0.311822 -2.51043 12.3161
-1.6468 -2.04959 11.1314
-2.01624 -1.88318 10.8692
4.26393 -2.72174 12.3798
4.13736 -2.96464 12.4743
-0.853516 -2.40507 11.7033
-2.80126 -1.91767 10.0634
-2.84663 -1.79688 10.0417
-3.23292 -1.67718 9.73098
-3.38889 -1.6776 9.59093
-1.38004 -2.57151 11.2708
-1.68767 -2.53508 11.0656
-3.18339 -1.90446 9.72979
-3.6951 -1.95318 9.30574
0.194803 3.38963 8.17634
0.0969881 3.39879 8.12924
2.02548 3.12375 12.275
1.87182 2.87387 12.2663
1.92772 2.65623 12.2388
1.53647 2.46286 12.3643
2.63425 2.08188 12.0629
2.44026 2.07752 12.0847
2.66464 1.90803 12.0344
2.74568 1.73804 11.9878
2.40408 1.9043 12.0756
2.19207 1.90286 12.1156
2.20293 1.77132 12.1039
-1.64875 1.73988 11.4746
-1.60938 1.61197 11.464
-2.18187 1.16925 10.9843
-3.21893 0.989107 10.0543
-3.44766 0.986811 9.83951
-3.44766 0.986811 9.83951
4.55605 0.120384 12.3715
-2.10601 0.530537 10.9991
3.77799 -0.317747 13.2634
3.74829 -0.592621 13.2338
3.62987 -0.633968 13.3835
4.32908 -0.83975 12.5435
4.23626 -0.748626 12.6408
3.77322 -0.76945 13.2026
-0.888895 -0.672985 11.805
0.367023 -1.03431 13.1557
-0.895359 -0.828072 11.7739
-3.75215 -0.450797 9.45506
-1.78142 -1.28802 11.0818
-1.77633 -1.28593 11.0748
-2.03992 -1.08529 10.8486
-2.07091 -1.21502 10.7904
-2.13778 -1.14117 10.7315
-3.78176 -0.585589 9.39243
4.1542 -1.94948 12.6185
4.17137 -2.05609 12.5548
-2.49584 -1.24047 10.3097
-3.51657 -0.947463 9.56998
3.20373 -2.68857 13.4686
0.21979 -2.46696 12.7891
-0.946534 -1.88413 11.6544
-1.19314 -1.91588 11.4733
-1.88943 -1.83743 10.9693
-2.73877 -1.52744 10.1661
-2.73877 -1.52744 10.1661
0.237793 -2.63929 12.7942
-0.00849414 -2.54628 12.5702
-0.469552 -2.36101 12.1016
-0.598587 -2.34471 11.9906
-1.07852 -2.19402 11.5478
-1.52957 -2.0883 11.206
-1.53169 -2.09181 11.2149
-0.0926399 -2.75046 12.5252
-2.59062 -1.86344 10.2321
-2.88921 -1.92854 9.97965
-3.62494 -1.55888 9.42619
4.3373 -2.94243 12.2176
-0.343803 -3.21752 12.2738
-2.98821 -1.99417 9.87194
0.1981 3.97295 7.94811
0.320405 3.31735 8.22064
5.84774 3.49826 11.7016
0.144353 3.24058 8.12305
0.0553389 3.24422 8.07899
-0.00078409 2.9335 8.01523
1.8875 3.02725 12.2816
1.50597 3.07527 12.3881
1.50597 3.07527 12.3881
1.57433 3.02462 12.3464
1.81753 2.67741 12.2591
1.66883 2.66488 12.2988
2.13646 2.55601 12.1974
-1.74963 2.39561 11.4153
2.93266 2.07222 11.9837
2.53711 2.14908 12.0795
1.90784 2.05166 12.1772
-1.52585 2.08969 11.5817
-3.34849 2.21146 10.0143
2.88532 1.93451 11.9745
2.58953 1.74592 12.0183
1.89501 1.91999 12.1602
-1.46775 1.90272 11.6253
2.29991 1.62714 12.0676
-1.80912 1.19965 11.2819
-2.78798 1.43244 10.4657
-3.23386 1.27965 10.0661
-1.41139 1.00853 11.6429
-2.24811 0.930552 10.8742
-3.01465 1.10472 10.2388
-3.43943 1.20713 9.8688
-3.44221 1.20703 9.87136
-2.04321 0.773293 11.0713
-3.36792 0.939896 9.91372
-3.40476 1.00444 9.89005
4.59964 -0.160514 12.3367
3.25953 -0.275802 13.759
4.18733 -0.349827 12.7574
3.43577 -0.734042 13.5629
4.54788 -0.779498 12.3057
4.47742 -0.754696 12.3928
3.98822 -0.70511 12.997
3.98822 -0.70511 12.997
3.33979 -0.806342 13.6333
4.51701 -0.915531 12.335
4.46576 -0.851835 12.4114
4.39525 -0.882772 12.4682
-3.80956 -0.50226 9.36793
-3.80956 -0.50226 9.36793
3.60507 -1.72458 13.1789
3.60264 -1.72609 13.1808
-0.0499279 -1.80744 12.6431
-0.0458081 -1.81495 12.638
-0.501391 -1.64072 12.2368
-0.719979 -1.45791 11.9699
-0.999941 -1.39557 11.6477
-1.03914 -1.46499 11.6313
4.23864 -1.88833 12.5085
4.11058 -1.83947 12.657
4.11058 -1.83947 12.657
-0.0510923 -1.90327 12.6337
-0.233106 -1.9239 12.4362
-1.11034 -1.48748 11.5859
-1.11024 -1.48629 11.5872
-1.14165 -1.56156 11.5607
-1.14165 -1.56156 11.5607
-1.77354 -1.55008 11.0629
-2.10655 -1.28637 10.7603
-2.39543 -1.18891 10.4739
-2.36103 -1.26126 10.4955
4.17815 -2.33962 12.5058
3.56873 -2.3002 13.1562
3.56873 -2.3002 13.1562
0.100822 -2.226 12.7524
-0.368841 -2.04705 12.3158
-1.23791 -1.80534 11.4608
-1.45262 -1.79342 11.3014
-1.94915 -1.76656 10.9166
-2.0631 -1.76504 10.8176
-2.4028 -1.4858 10.4428
-2.38878 -1.62343 10.4443
-2.51495 -1.41657 10.2896
-3.53537 -1.11482 9.54445
4.16852 -2.65921 12.4667
4.16852 -2.65921 12.4667
3.38234 -2.79957 13.322
3.58995 -2.90634 13.1122
3.41356 -2.93866 13.2828
0.161144 -2.55613 12.7094
-0.0765121 -2.43128 12.4921
-1.15489 -2.07485 11.4957
-1.51836 -1.99416 11.2289
-1.75499 -1.97568 11.0611
-2.5886 -1.76521 10.2384
-2.63685 -1.71631 10.2102
-2.80938 -1.72618 10.0862
-3.48303 -1.39979 9.56278
-3.72951 -1.33093 9.36167
-3.72951 -1.33093 9.36167
3.72607 -2.8645 12.9219
3.52694 -3.02028 13.1416
3.49871 -3.13352 13.145
-0.101592 -2.85351 12.4885
-1.37942 -2.44201 11.2682
-3.44828 -1.59208 9.56958
4.23604 -2.97055 12.3433
0.00780233 -3.10989 12.6024
-1.66969 -2.43956 11.0707
-1.64184 -2.65704 11.0868
-2.64857 -2.13964 10.1786
-3.12783 -1.99352 9.74369
-3.18746 -2.0464 9.71155
-3.25354 -1.93456 9.65896
-3.49054 -1.84177 9.48261
-0.163453 -3.32727 12.4384
-0.250217 -3.38577 12.3676
-1.52164 -2.8787 11.1649
-1.71213 -2.7905 11.0173
-2.99669 -2.27008 9.84293
0.11942 3.98238 7.89321
0.175827 2.93357 8.092
0.0916842 2.95397 8.08269
0.0074346 2.9829 8.02652
1.56117 2.89392 12.3469
0.207754 2.82617 8.10455
-3.06008 2.82351 10.3044
2.02984 2.67278 12.2217
-3.7999 2.66995 9.6628
2.02774 2.27223 12.1981
1.72085 2.34266 12.2857
1.56624 2.39081 12.3188
-3.35612 2.27998 10.0062
-3.4406 2.25407 9.93788
-3.41239 2.02057 9.95244
-3.41331 2.02044 9.95284
-3.61057 2.05699 9.79332
-3.63895 2.1084 9.76792
2.1077 1.85407 12.1208
2.02348 1.91678 12.1552
2.02967 1.73842 12.1184
-1.77412 1.81019 11.3589
-2.92659 1.97667 10.3713
-2.77127 1.84918 10.5113
-2.96269 1.85371 10.3382
-3.58119 1.84347 9.81123
-1.2065 1.45566 11.8306
-1.3672 1.45528 11.7019
-1.36973 1.45351 11.7068
-1.74848 1.65184 11.3664
-1.74848 1.65184 11.3664
-2.77154 1.67925 10.4827
-2.80153 1.61862 10.4634
-2.92689 1.60144 10.3533
-2.9293 1.60089 10.3584
-3.24778 1.57657 10.0821
-3.24502 1.57488 10.0779
-3.74256 1.58666 9.64143
-2.05742 1.3073 11.0868
-2.13213 1.24613 11.0248
-3.57059 1.36304 9.76597
-3.51759 1.29629 9.81077
-3.69595 1.43324 9.66492
-3.69748 1.43655 9.66538
-3.71294 1.30417 9.63888
-1.22285 0.906234 11.7863
-1.68143 1.11067 11.4152
-1.80654 1.12151 11.3073
-2.24656 1.13535 10.8869
-3.04547 1.17128 10.2091
-3.09745 1.14116 10.146
-2.94286 1.01896 10.2942
-2.94569 1.0184 10.2993
-3.17783 1.08963 10.091
-3.24188 1.06672 10.031
-3.37925 1.07897 9.91967
-3.44594 1.116 9.85574
-3.42912 1.06334 9.87072
-1.69436 0.623407 11.3184
-1.79998 0.642796 11.296
-3.16766 0.944999 10.0891
-3.2886 0.980754 9.98434
-1.94411 0.570051 11.1322
2.94742 -0.498301 14.0753
4.11237 -0.341326 12.8185
3.85394 -0.375163 13.181
3.84412 -0.709635 13.1227
3.45621 -1.04105 13.4949
3.11711 -0.89946 13.8556
4.10744 -1.09326 12.7792
0.384206 -1.06867 13.1438
4.57309 -1.23923 12.2895
4.50345 -1.21657 12.3343
3.38463 -1.42785 13.5319
-0.327464 -1.32531 12.4491
-3.71625 -0.523565 9.45586
3.64725 -1.91215 13.1234
3.38301 -1.86104 13.4169
-0.14344 -1.52708 12.5895
-0.120411 -1.63528 12.5972
-0.36601 -1.52374 12.3739
-0.469516 -1.4083 12.2611
-0.399388 -1.57245 12.3225
-0.469938 -1.54885 12.2376
-0.470251 -1.54787 12.2373
-0.394898 -1.64497 12.3166
-0.571841 -1.41806 12.1286
-0.783685 -1.36723 11.9063
-0.904746 -1.40576 11.7148
-0.965267 -1.49461 11.6687
-2.20078 -1.05616 10.6589
-2.52488 -1.04236 10.323
-2.71471 -0.976406 10.2316
-2.71471 -0.976406 10.2316
-2.88131 -0.94631 10.0953
4.44327 -1.74246 12.3169
4.18542 -1.86652 12.5804
4.25324 -2.03719 12.4897
3.56893 -2.07018 13.1914
0.108125 -2.12981 12.7808
-0.483914 -1.68436 12.2061
-0.29401 -2.01447 12.3565
-0.767193 -1.79866 11.8924
-1.20749 -1.58013 11.5072
-2.00714 -1.34135 10.8538
-2.18468 -1.41492 10.672
-2.28154 -1.4095 10.5957
-2.50918 -1.12199 10.3149
-2.47653 -1.32306 10.337
-3.12385 -1.06191 9.90137
-3.12156 -1.14719 9.8825
-3.25828 -0.939957 9.80245
4.24637 -2.10888 12.4879
3.4415 -2.47505 13.2967
3.3577 -2.68072 13.3595
3.32494 -2.55254 13.395
-0.428102 -2.07655 12.2206
-0.428102 -2.07655 12.2206
-0.714903 -2.13436 11.9138
-1.04938 -1.85393 11.5913
-1.89838 -1.66026 10.957
-1.83479 -1.78022 11.0105
-2.31962 -1.6004 10.5507
-3.00442 -1.28905 9.97011
-3.00442 -1.28905 9.97011
-3.38314 -1.19648 9.66012
-3.35288 -1.25139 9.68672
-3.46839 -1.17906 9.58887
-3.75448 -1.08712 9.34973
-3.82488 -1.03276 9.2996
4.25301 -2.46261 12.4169
3.77433 -2.78377 12.8823
3.56077 -2.7627 13.1424
3.26533 -2.77995 13.4593
-0.84594 -2.22084 11.7396
-0.788621 -2.29101 11.7754
-0.788621 -2.29101 11.7754
-0.841055 -2.30028 11.7624
-1.44688 -2.12596 11.277
-1.54 -2.15763 11.166
-1.54037 -2.16442 11.1806
-1.58809 -1.98267 11.1926
-1.58284 -1.98051 11.1869
-1.74757 -1.90469 11.0918
-1.79897 -1.86679 11.039
-1.92995 -1.95102 10.9313
-1.92903 -1.95014 10.9303
-2.49744 -1.7223 10.3107
-3.33178 -1.47953 9.69272
-3.84373 -1.25851 9.26124
-4.03436 -1.31176 9.10189
3.99221 -2.83749 12.6614
-0.191181 -2.75941 12.4051
-0.189771 -2.97341 12.4273
-1.50584 -2.22155 11.2098
-1.35982 -2.38387 11.3004
-2.60322 -1.93771 10.2195
-3.3367 -1.70208 9.64755
-3.47123 -1.65055 9.53715
-3.44815 -1.70268 9.54645
-3.56017 -1.66212 9.45954
-0.111894 -3.19341 12.4916
-0.318174 -2.93631 12.2917
-1.00361 -2.76695 11.6419
-1.26137 -2.72656 11.3581
-1.47126 -2.54273 11.2097
-2.93709 -2.16973 9.8995
-3.13741 -1.88154 9.76912
-3.09918 -2.04823 9.76942
-3.3347 -1.92206 9.58746
-3.37998 -1.90911 9.55935
-3.28825 -2.02174 9.62175
-3.28825 -2.02174 9.62175
-3.45219 -1.82301 9.51879
-1.34594 -2.89095 11.2912
-1.33773 -2.88376 11.2763
-1.76825 -2.85118 10.9643
-2.95414 -2.23987 9.87116
-3.21178 -2.10202 9.68981
-3.36658 -2.08621 9.57978
-3.35978 -2.08128 9.5715
-3.29454 -2.14498 9.61987
0.305074 3.50933 8.23527
0.262388 3.3133 8.18755
0.16563 3.44857 8.17658
0.0323135 3.32758 8.07613
6.27381 3.51348 11.3587
0.13497 3.18902 8.10762
0.0936868 3.19125 8.09083
0.149734 3.16086 8.11588
0.110736 3.1625 8.10398
0.0327095 3.13272 8.05759
-3.77348 2.9998 9.7109
1.94751 3.05947 12.2806
1.61329 3.13907 12.3718
0.526886 2.8997 10.3913
0.245193 2.83202 8.12247
0.086876 2.8361 8.05207
2.70399 2.30866 12.0655
2.63022 2.34101 12.0835
2.9608 2.20213 11.999
2.74434 2.05148 12.0241
2.77379 2.00682 12.0085
2.24921 1.99967 12.1114
1.79792 2.04148 12.2216
1.73999 2.07849 12.2192
-3.09495 2.05031 10.2319
-3.25855 2.11365 10.0945
2.53927 1.67618 12.0192
2.09667 1.688 12.147
1.8552 1.8102 12.1685
-1.66057 1.92928 11.4686
-1.64217 1.81997 11.4759
-2.81078 1.95665 10.4752
-2.86926 1.87111 10.4175
-2.86765 1.87223 10.4141
-2.7906 1.80249 10.4835
-2.7906 1.80249 10.4835
-2.91847 1.78716 10.3667
-3.53209 1.8074 9.84911
-3.53129 1.80827 9.8465
2.83666 1.55605 11.9483
2.68591 1.50176 12.1135
2.31942 1.55093 12.0492
-3.14105 1.66672 10.1806
-3.19555 1.58817 10.1271
-3.70319 1.58909 9.67638
-1.17686 1.33607 11.8703
-1.18738 1.22788 11.8412
-1.41305 1.14864 11.6415
-1.68296 1.16906 11.401
-2.02552 1.17348 11.1141
-2.77501 1.22635 10.4575
-3.27589 1.29289 10.0246
-3.411 1.31766 9.91339
-3.41101 1.31978 9.91476
-3.39335 1.27042 9.92159
-3.53248 1.36961 9.80414
-3.53248 1.36961 9.80414
-1.4487 1.07802 11.6069
-2.2182 1.0071 10.9301
-2.24026 0.977791 10.8847
-2.24026 0.977791 10.8847
-2.82768 1.19101 10.4141
-2.84993 1.11879 10.3778
-3.09571 1.19703 10.1742
-3.0963 1.19721 10.1733
-3.08473 1.04513 10.1501
-3.25838 1.23765 10.0342
-3.26218 1.16217 10.0234
-3.2966 1.17972 9.99825
-3.30566 1.09769 9.98756
-3.34874 1.04588 9.94362
-2.19815 0.862981 10.9376
-2.15175 0.713348 10.9675
-2.13346 0.638025 10.9748
-2.13366 0.6404 10.9738
-3.18517 0.874219 10.0604
-3.31528 0.900357 9.95636
4.07197 0.0593602 12.9099
4.0255 0.0306753 12.9824
-1.47939 0.491075 11.5605
-2.11585 0.59253 10.9912
-2.17463 0.582937 10.9422
3.87928 -0.139238 13.1834
2.85029 -0.401389 14.1997
4.64713 -0.429064 12.2547
4.47927 -0.394447 12.4151
4.36989 -0.359686 12.535
3.97855 -0.335701 13.0222
3.46436 -0.507165 13.5478
4.20263 -0.603198 12.7188
4.20257 -0.605023 12.7173
3.57416 -0.995701 13.3933
3.33666 -0.973873 13.6228
2.97006 -0.882418 14.011
3.08121 -0.973564 13.9167
3.08146 -0.973168 13.912
4.3925 -1.0795 12.5145
3.69095 -1.05918 13.2232
3.69331 -1.05988 13.2313
3.4371 -1.13421 13.5089
3.53593 -1.25574 13.3612
3.96245 -1.37537 12.9276
3.40773 -1.70934 13.3862
-0.482118 -1.25446 12.2489
-0.482118 -1.25446 12.2489
-2.80604 -0.724004 10.1642
-3.68943 -0.501532 9.48824
3.59879 -1.80941 13.1815
3.53598 -1.97863 13.2393
3.35676 -2.0091 13.4229
-0.307095 -1.73594 12.3937
-0.306148 -1.73571 12.3976
-0.796245 -1.54644 11.8949
-0.909494 -1.51214 11.7173
-1.93671 -1.19618 10.9152
-2.03076 -1.17527 10.8254
-2.39431 -1.07038 10.4469
-2.43006 -1.05082 10.3885
-2.61713 -0.868686 10.2883
3.70994 -2.21534 13.0157
-0.0102679 -1.94311 12.677
-0.268652 -1.84875 12.4217
-0.268652 -1.84875 12.4217
-0.798935 -1.59375 11.8521
-0.670166 -1.72675 11.9985
-0.664328 -1.78067 12.0103
-0.663139 -1.77967 12.0078
-1.01824 -1.5247 11.6333
-2.21056 -1.26728 10.6716
-2.20898 -1.26465 10.6675
-2.25408 -1.32387 10.627
-2.33219 -1.31224 10.5275
-3.3655 -0.997928 9.70105
-3.36708 -0.998385 9.70295
-3.39525 -0.967477 9.68051
-3.34285 -1.0409 9.71822
-3.34288 -1.03981 9.71637
-3.3461 -1.10838 9.70627
-3.50264 -1.08049 9.57476
-3.50087 -1.08087 9.57179
4.03715 -2.38426 12.6694
3.75525 -2.25749 12.9789
3.70886 -2.301 13.0118
3.66112 -2.34369 13.0574
3.67281 -2.51681 13.0401
3.46042 -2.58639 13.2568
0.161548 -2.29591 12.7849
0.161548 -2.29591 12.7849
0.0487895 -2.16149 12.6962
-0.44134 -2.1663 12.1855
-0.770782 -1.96407 11.8387
-0.992945 -1.86821 11.6173
-1.35875 -1.74831 11.3961
-1.35875 -1.74831 11.3961
-1.46141 -1.72683 11.295
-1.46141 -1.72683 11.295
-1.64761 -1.75283 11.1662
-1.64761 -1.75283 11.1662
-1.64918 -1.80204 11.1565
-1.64918 -1.80204 11.1565
-1.95638 -1.60095 10.9055
-2.6006 -1.51783 10.2518
-2.69933 -1.50485 10.1868
-2.69981 -1.50529 10.1877
-3.16899 -1.22745 9.85231
-3.32503 -1.15033 9.71929
-3.35753 -1.31055 9.68244
-3.5115 -1.21776 9.5576
-3.51352 -1.28502 9.54674
-3.51116 -1.28548 9.54321
-3.76314 -1.13159 9.3523
-3.75771 -1.1308 9.34597
4.19462 -2.5933 12.4833
3.77702 -2.64658 12.9093
3.71665 -2.62778 12.9693
3.35084 -2.89316 13.347
-0.243718 -2.60152 12.3452
-0.883176 -2.16383 11.7033
-1.26161 -2.03077 11.4177
-1.26161 -2.03077 11.4177
-1.57231 -2.1178 11.1998
-1.78508 -2.06048 11.038
-2.76933 -1.59141 10.1272
-3.17478 -1.61988 9.80147
-3.69764 -1.46915 9.36534
4.1644 -2.7634 12.4748
-0.256006 -2.95129 12.3718
-0.986752 -2.54056 11.6486
-1.43184 -2.23726 11.2638
-1.49712 -2.35561 11.1959
-1.57823 -2.24283 11.1381
-1.85089 -2.36131 10.9507
-2.98253 -1.79391 9.92385
-3.21209 -1.72391 9.74947
-3.59613 -1.63368 9.43733
-3.59471 -1.63211 9.43445
-0.325854 -3.01002 12.301
-0.386918 -2.99483 12.2382
-0.387105 -2.99675 12.2468
-0.3833 -3.12669 12.2552
-0.3833 -3.12669 12.2552
-0.713007 -2.91625 11.9414
-0.627421 -3.08758 12.0113
-0.915318 -2.96207 11.7342
-0.916038 -2.96428 11.742
-1.16634 -2.67165 11.4369
-1.16448 -2.72428 11.4341
-1.16448 -2.72428 11.4341
-1.15045 -2.78369 11.4682
-1.90437 -2.49728 10.9
-2.61226 -2.17926 10.2215
-3.14227 -1.93329 9.76097
-3.1404 -1.93191 9.75806
-3.4611 -1.92701 9.48182
-3.43682 -1.95451 9.49679
-3.5887 -1.93624 9.36736
-3.58818 -1.93736 9.36753
-0.239305 -3.30474 12.3504
-0.746218 -3.23797 11.8959
-0.929799 -3.09995 11.727
-0.975944 -3.11954 11.6911
-1.82563 -2.84446 10.9422
-2.54177 -2.54774 10.3758
3.79139 4.81512 10.4869
-0.00127871 3.5266 8.09304
0.0414479 3.45113 8.09972
0.190492 3.28405 8.15446
0.670311 3.32183 10.5705
1.57728 3.20319 12.3816
0.343933 2.94089 8.1888
0.343933 2.94089 8.1888
0.199343 3.00611 8.12024
0.21321 2.97707 8.12259
0.0760933 3.05357 8.05854
0.0357048 2.90254 8.02648
0.0552418 2.84231 8.03189
2.11391 2.77579 12.2116
1.99581 2.82178 12.2268
1.99581 2.82178 12.2268
1.66135 2.74497 12.2987
1.8827 2.52155 12.2609
-1.77569 2.35015 11.4087
-3.20807 2.32126 10.1363
2.87522 2.20653 12.0153
2.85928 2.13648 12.0135
2.60109 2.12587 12.0564
2.70952 2.01301 12.0187
2.658 2.01475 12.034
2.38578 2.04096 12.0834
2.35279 2.00661 12.0912
1.61725 2.15624 12.2631
-3.23457 2.18646 10.1087
-3.1522 2.07176 10.1886
-3.58862 2.11997 9.80751
2.8566 1.89772 11.975
2.99306 1.76851 11.9373
2.38198 1.81447 12.0628
2.38198 1.81447 12.0628
1.9725 1.7105 12.1387
-1.60881 1.88733 11.5061
-1.55135 1.84736 11.5556
-1.55348 1.84487 11.5492
-1.36982 1.79849 11.7068
-1.39469 1.71428 11.6953
-1.62216 1.96606 11.5012
-2.84358 1.80105 10.4416
-3.22274 1.92291 10.1194
-3.20143 1.89433 10.1307
-3.62614 1.90898 9.77214
-3.65335 1.90943 9.75073
-3.68556 1.89527 9.71954
-3.61558 1.8704 9.77988
-3.61558 1.8704 9.77988
2.79475 1.55497 11.9617
2.79475 1.55497 11.9617
2.73329 1.55304 11.9708
2.49563 1.54894 12.0252
2.49658 1.54953 12.019
2.16071 1.54731 12.0891
2.16215 1.54695 12.0903
-1.39608 1.65716 11.6846
-1.41194 1.57366 11.6756
-1.45861 1.45511 11.6232
-1.94834 1.68759 11.2071
-2.03714 1.44756 11.1212
-3.22256 1.67039 10.107
-3.31592 1.65512 10.0208
-3.58419 1.62768 9.78714
-3.77217 1.6063 9.60972
-1.46582 1.14386 11.6049
-1.75292 1.31004 11.3498
-1.91093 1.42065 11.2288
-1.96789 1.26035 11.1755
-2.80399 1.25555 10.4336
-3.2673 1.34156 10.0383
-3.47075 1.29723 9.85314
-3.65988 1.51279 9.70818
-3.61159 1.40611 9.73936
-3.61908 1.36592 9.72723
-3.64964 1.36537 9.70511
-3.67528 1.35741 9.675
-3.70539 1.42397 9.6556
-1.83983 0.963563 11.2656
-1.81714 0.932711 11.2742
-1.81743 0.93354 11.2739
-2.02962 1.03365 11.0929
-1.8957 0.97605 11.218
-1.87464 0.942127 11.2333
-2.02922 0.971783 11.092
-2.18156 0.981987 10.9467
-2.18601 0.979775 10.9543
-3.00519 1.1706 10.2515
-2.97292 1.05912 10.2698
-2.97794 1.01708 10.2643
-2.97794 1.01708 10.2643
-2.96966 0.977778 10.2635
-3.12045 1.07199 10.139
-3.14907 1.22477 10.1313
-3.17343 1.24374 10.1061
-3.13864 1.13747 10.1236
-3.17991 1.18175 10.0926
-3.12606 1.03001 10.1332
-3.12726 1.02942 10.134
-3.40211 1.22877 9.9089
-3.3573 1.18927 9.94346
-3.48484 1.21558 9.8334
-3.48373 1.2138 9.83117
-3.48693 1.1284 9.82251
-3.48703 1.12844 9.8218
-3.47567 1.09199 9.82752
-3.47695 1.09219 9.82727
-3.58574 1.15933 9.74344
-3.6746 1.25061 9.6704
-3.63708 1.17231 9.69077
-3.66326 1.19036 9.67009
-3.50346 1.07856 9.80051
-1.25037 0.561466 11.751
-1.45644 0.590917 11.5853
-1.83347 0.611518 11.2369
-1.97672 0.853416 11.1299
-2.1915 0.81789 10.9339
-2.16614 0.662413 10.9378
-2.19276 0.750641 10.9249
-2.19214 0.717508 10.9305
-2.99287 0.952305 10.2416
-2.99287 0.952305 10.2416
-3.07428 0.910657 10.1599
-3.1593 0.891494 10.0914
-3.2277 0.93259 10.0262
-3.30584 0.935268 9.9698
-3.34517 0.911834 9.93678
-3.40762 0.972543 9.87236
-3.42106 0.940952 9.86109
-3.51011 1.00738 9.78814
-3.49883 0.977084 9.79925
-1.26639 0.500752 11.7456
-2.08117 0.56225 11.0166
4.55205 -0.192842 12.3664
4.22143 -0.24253 12.6954
4.09364 -0.149469 12.8624
4.06971 -0.284455 12.8864
4.00929 -0.249939 13.0161
3.62953 -0.0815004 13.4389
3.55685 -0.157367 13.4966
3.37129 -0.127434 13.6682
3.32387 -0.343534 13.7077
4.53644 -0.241412 12.3632
4.35356 -0.29548 12.5652
4.18955 -0.51442 12.7137
4.1673 -0.370484 12.7514
4.08189 -0.581432 12.8262
3.92929 -0.477602 13.0595
3.75004 -0.465432 13.2799
3.86843 -0.53036 13.1279
3.80854 -0.654515 13.1557
3.54601 -0.59767 13.4635
2.85495 -0.800178 14.1665
4.44958 -0.806712 12.441
4.18832 -0.661426 12.7095
4.21576 -0.722168 12.6749
4.126 -0.807908 12.7527
4.0149 -0.855422 12.9118
3.66716 -1.02171 13.2662
3.62178 -0.938062 13.3314
3.21631 -0.93951 13.766
3.21631 -0.93951 13.766
0.527871 -0.975163 13.3119
4.68618 -1.02503 12.1782
4.35602 -1.11897 12.5008
4.24581 -1.11698 12.6196
3.82106 -1.11665 13.0999
3.63471 -1.30243 13.2583
3.21416 -1.19012 13.7336
-1.85373 -0.49483 10.9684
4.62627 -1.21223 12.1969
4.32414 -1.25398 12.5271
3.91821 -1.33614 12.9584
3.49184 -1.45623 13.4349
0.213342 -1.42235 12.9749
-0.302511 -1.38959 12.4388
-2.42433 -0.802046 10.3872
-2.41969 -0.797812 10.3802
-3.61581 -0.476984 9.56948
3.43008 -1.8245 13.3705
3.22128 -2.03868 13.5775
-0.345848 -1.47233 12.3911
-0.654743 -1.59016 12.0265
-2.00712 -1.24738 10.8559
-2.06855 -1.15417 10.8144
-2.18848 -1.16741 10.6844
-2.27001 -1.05461 10.5906
-2.87013 -0.996123 10.1059
3.50441 -2.12795 13.2543
3.54936 -2.191 13.195
3.31941 -2.20014 13.4444
-0.116447 -1.87216 12.569
-0.116447 -1.87216 12.569
-0.377843 -1.82555 12.2946
-0.430687 -1.71628 12.2655
-0.493311 -1.73026 12.1779
-0.487239 -1.94628 12.177
-0.535753 -1.85424 12.1371
-0.638465 -1.89257 12.0128
-1.9034 -1.49667 10.9591
-1.88984 -1.5478 10.9735
-3.14678 -1.01834 9.89326
-3.17916 -1.05427 9.85755
-3.14971 -1.10309 9.88028
-3.18219 -1.09934 9.85433
-3.20709 -1.07181 9.83367
-3.34096 -0.973804 9.72705
4.43702 -2.12767 12.2619
4.35354 -2.14341 12.3507
4.11449 -2.18219 12.6003
3.62182 -2.3449 13.11
3.50322 -2.49191 13.213
-0.92041 -1.82241 11.6682
-0.804935 -2.01958 11.8063
-1.73984 -1.74281 11.0999
-1.77129 -1.70505 11.0669
-1.88724 -1.7756 10.9692
-1.88603 -1.77437 10.9683
-2.36139 -1.52819 10.5172
-2.31821 -1.64873 10.5371
-2.69099 -1.32217 10.2155
-2.69099 -1.32217 10.2155
-2.92136 -1.29055 10.0431
-2.95439 -1.34029 10.0144
-2.87457 -1.44409 10.069
-3.15392 -1.19019 9.86616
-3.92182 -1.09728 9.22146
-3.93594 -1.10799 9.19161
4.28416 -2.51207 12.3866
3.74451 -2.83719 12.9177
3.60668 -2.76971 13.0775
3.4617 -2.934 13.2362
-1.62792 -1.94063 11.1623
-1.94601 -1.89716 10.9199
-2.68462 -1.78664 10.1787
-2.87682 -1.59307 10.0257
-2.97477 -1.56523 9.95432
-3.03757 -1.53594 9.92953
-3.35312 -1.40243 9.67033
-3.26166 -1.55875 9.73153
-3.5458 -1.40263 9.50348
-3.58775 -1.44811 9.47415
-3.89219 -1.38767 9.21597
3.95418 -2.98905 12.6271
3.46551 -2.99943 13.2058
3.43475 -2.98763 13.2281
3.34532 -3.06142 13.3242
-0.302783 -2.86638 12.3108
-0.907836 -2.54783 11.7026
-1.55883 -2.20576 11.1671
-1.60862 -2.37012 11.1353
-1.61678 -2.43332 11.1381
-1.87053 -2.2227 10.9466
-2.99701 -1.87504 9.88892
-3.16932 -1.83691 9.76384
-3.3632 -1.64836 9.63008
-3.53015 -1.64597 9.50024
-3.52691 -1.64305 9.49289
4.33838 -2.98982 12.2305
0.0308785 -3.23996 12.617
-0.126426 -3.24331 12.4869
-0.725958 -2.96682 11.9212
-0.676795 -3.076 11.9644
-0.999032 -2.83656 11.6533
-0.999032 -2.83656 11.6533
-1.11849 -2.82189 11.5036
-1.11849 -2.82189 11.5036
-2.73632 -2.25665 10.1229
-2.92839 -2.06885 9.90748
-3.13845 -1.96199 9.7424
-3.26457 -1.89581 9.6684
0.0490569 -3.49033 12.6418
0.0490569 -3.49033 12.6418
-0.0279861 -3.47494 12.5584
-0.433798 -3.29479 12.1758
-0.604766 -3.22389 12.0316
-0.599421 -3.34382 12.0294
-0.599421 -3.34382 12.0294
-0.794929 -3.24214 11.8427
-0.80538 -3.28198 11.8502
-2.10398 -2.67563 10.727
-2.89041 -2.28167 9.92913
-3.18068 -2.14896 9.71096
-3.33447 -2.12911 9.60084
-3.33447 -2.12911 9.60084
-3.38635 -2.11916 9.55264
-3.38467 -2.11817 9.55062
-3.50385 -1.98144 9.4479
-3.47489 -2.05834 9.47403
-3.66489 -2.00417 9.33032
2.44783 5.30654 10.2519
0.249803 3.46639 8.21423
0.249803 3.46639 8.21423
0.192875 3.46799 8.18019
0.18975 3.46938 8.18281
0.146321 3.47249 8.16371
0.162739 3.40353 8.15329
0.15461 3.37177 8.14873
0.0445506 3.37742 8.09404
0.150054 3.25107 8.12982
0.132936 3.26112 8.12172
0.199403 3.08193 8.13372
0.316909 2.94881 8.17058
0.305858 2.92648 8.16339
0.305858 2.92648 8.16339
0.300642 2.8962 8.15718
0.166117 3.03121 8.11548
0.171087 3.0306 8.10578
0.157668 2.99177 8.10433
0.157668 2.99177 8.10433
0.101908 2.90544 8.06106
-0.0699539 2.97906 7.99191
-0.0286794 2.90759 8.00156
1.94375 3.15507 12.2872
1.88754 3.11844 12.3088
0.647472 2.91097 10.4871
0.313614 2.80844 8.15471
0.188259 2.84728 8.0921
-0.0136907 2.8298 7.9936
1.64558 2.84491 12.3096
2.1558 2.40499 12.1874
1.67318 2.54378 12.2739
1.61832 2.54086 12.2875
1.61893 2.32846 12.3096
-1.71414 2.33881 11.4387
-1.71414 2.33881 11.4387
-2.46225 2.37544 10.7777
2.9989 2.11034 11.9939
2.68253 2.10951 12.0491
2.5772 2.0011 12.0442
-1.12508 2.05795 11.9666
-1.49424 2.04965 11.6164
-1.58211 2.0455 11.5354
-2.8663 2.045 10.4132
-2.87254 2.0432 10.4239
-2.92381 2.05679 10.3906
-2.99451 2.18673 10.312
-2.99398 2.18425 10.3118
-3.06746 2.24396 10.2586
-3.05999 2.13707 10.2636
-3.23568 2.22505 10.1117
-3.30647 2.20197 10.0407
-3.2397 2.1442 10.109
-3.31569 2.01469 10.032
-3.36738 2.16479 9.98822
-3.43543 2.03044 9.94292
2.80418 1.9543 11.9955
2.6304 1.85235 12.0189
2.52829 1.85346 12.0358
2.34509 1.95499 12.0864
2.28373 1.95082 12.103
2.25219 1.95401 12.1097
2.32556 1.81317 12.0733
2.32556 1.81317 12.0733
1.9227 1.95946 12.1683
1.93635 1.86382 12.1574
1.93148 1.75541 12.1626
-1.5639 1.88593 11.5431
-1.56647 1.8864 11.5479
-1.61979 1.92695 11.4974
-1.6374 1.90264 11.4761
-1.6374 1.90264 11.4761
-1.69168 1.71689 11.4316
-2.7612 1.83374 10.5216
-2.82177 1.8187 10.4626
-2.82186 1.81899 10.4622
-2.88247 1.8288 10.4104
-2.88247 1.82912 10.4109
-2.93728 1.7558 10.3564
-2.99919 1.94271 10.3121
-3.01758 1.94469 10.2841
-3.01716 1.94504 10.2826
-3.0946 1.97083 10.2331
-2.95827 1.7688 10.344
-2.95819 1.76883 10.3423
-3.2632 1.91578 10.0851
-3.26158 1.83121 10.0866
-3.26158 1.83121 10.0866
-3.283 1.8364 10.0596
-3.41606 1.97595 9.95446
-3.48288 1.9869 9.89657
-3.48288 1.9869 9.89657
-3.59309 1.97236 9.78663
-3.60128 1.97345 9.79751
-3.60742 1.93924 9.7915
-3.75766 1.927 9.66396
-3.75564 1.92399 9.66044
-3.74532 1.84462 9.66736
-3.74332 1.81138 9.66666
2.6957 1.54726 11.9824
2.5826 1.54719 12.0039
2.5826 1.54719 12.0039
2.53929 1.55661 12.0154
2.28469 1.66074 12.0684
-1.25228 1.4921 11.8077
-1.2518 1.49147 11.8067
-1.31442 1.47149 11.7386
-1.33525 1.41987 11.7321
-1.70882 1.63298 11.4133
-1.98051 1.53633 11.1693
-3.19458 1.67546 10.1307
-3.19458 1.67546 10.1307
-3.20732 1.62906 10.1167
-3.29495 1.70201 10.0451
-3.26216 1.66588 10.0723
-3.27539 1.64225 10.0547
-3.22445 1.61373 10.0929
-3.22708 1.61359 10.0958
-3.27358 1.58522 10.0519
-3.75302 1.67633 9.64028
-3.7322 1.65593 9.65432
-3.71159 1.64977 9.67726
-3.70772 1.60328 9.67441
-3.69274 1.55244 9.67962
-3.74595 1.542 9.63229
-3.79977 1.60616 9.59237
-3.7826 1.53681 9.60018
-3.78149 1.53653 9.59933
-1.1953 1.14885 11.8292
-1.37694 1.13822 11.6652
-2.03427 1.38839 11.1179
-2.09734 1.38243 11.0662
-2.09601 1.38199 11.061
-2.14128 1.3531 11.0252
-2.0915 1.22506 11.0586
-2.73258 1.39577 10.508
-2.73352 1.39665 10.5099
-2.74386 1.35589 10.502
-2.76782 1.36196 10.4771
-3.21089 1.27496 10.0877
-3.29358 1.28912 10.0074
-3.29186 1.25532 10.0135
-3.36989 1.34414 9.95237
-3.36408 1.26477 9.94582
-3.36413 1.26482 9.94669
-3.49197 1.32125 9.83294
-3.6848 1.50404 9.68725
-3.65852 1.45565 9.69205
-3.66441 1.4154 9.69539
-3.60554 1.33162 9.74057
-3.75536 1.47095 9.6204
-3.77727 1.48846 9.5993
-3.78666 1.46222 9.59169
-3.6973 1.39611 9.66776
-3.71083 1.39478 9.64481
-3.75564 1.39754 9.61259
-3.74701 1.32994 9.6136
-1.2817 0.923375 11.7528
-1.3674 0.991545 11.6723
-1.56724 0.869275 11.4574
-1.71475 1.07583 11.3794
-1.76939 1.08366 11.3265
-1.71434 0.889379 11.355
-1.81101 0.982535 11.2845
-1.77469 0.896448 11.3242
-1.89544 0.91018 11.215
-2.01706 0.895395 11.099
-2.05722 0.948081 11.0707
-2.29557 1.13583 10.8666
-2.29155 1.13516 10.8601
-2.28727 0.955357 10.8661
-2.31989 0.997255 10.84
-2.90109 1.17453 10.3371
-2.88984 1.14541 10.3564
-2.87279 1.0452 10.3544
-2.88461 1.07343 10.3445
-2.9227 1.0597 10.3133
-2.9227 1.0597 10.3133
-3.09345 1.08254 10.1655
-3.09306 1.08232 10.1649
-3.11156 1.00373 10.1398
-3.13008 1.19547 10.1373
-3.13037 1.19397 10.138
-3.20017 1.24862 10.0864
-3.22174 1.24088 10.0637
-3.22603 1.24221 10.0697
-3.27167 1.23001 10.0178
-3.27144 1.22991 10.0175
-3.23569 1.17759 10.0487
-3.23683 1.17918 10.051
-3.25899 1.17935 10.022
-3.13859 1.09977 10.1239
-3.14607 1.03519 10.108
-3.21518 1.03137 10.0599
-3.27865 1.08785 10.0084
-3.33877 1.2077 9.96802
-3.33778 1.2077 9.96622
-3.42977 1.26375 9.89109
-3.42724 1.23346 9.88693
-3.42896 1.23457 9.88771
-3.45324 1.26888 9.85877
-3.4552 1.2682 9.86111
-3.48883 1.27181 9.83238
-3.41919 1.14756 9.88217
-3.45372 1.15486 9.85682
-3.45419 1.15442 9.85954
-3.36728 1.01967 9.92055
-3.4623 1.13245 9.84042
-3.46237 1.13179 9.84057
-3.45957 1.03274 9.82773
-3.46131 1.03354 9.83008
-3.5067 1.19289 9.8109
-3.53345 1.18365 9.788
-3.53183 1.18435 9.78646
-3.51695 1.15699 9.79128
-3.57833 1.11507 9.73932
-3.57975 1.07247 9.73347
-3.62739 1.11381 9.69188
-3.62793 1.05531 9.69235
-3.7191 1.26001 9.62672
-3.68927 1.19607 9.64946
-3.7705 1.21749 9.57313
-1.2507 0.752235 11.761
-1.29116 0.628382 11.7211
-1.36497 0.805558 11.6617
-1.51798 0.681535 11.5659
-2.01084 0.821761 11.107
-2.01323 0.820761 11.1055
-1.89334 0.670397 11.1881
-1.93167 0.612738 11.1527
-2.04903 0.633257 11.0487
-2.17403 0.770925 10.9516
-2.23306 0.762366 10.8928
-3.02225 0.942314 10.2173
-3.13388 0.931552 10.1187
-3.2594 0.938277 10.0119
-3.25359 0.910227 10.0065
-3.25367 0.910127 10.0067
-3.32411 0.998367 9.95811
-3.36125 0.99314 9.92248
-3.3189 0.779262 9.94152
-3.54971 0.956862 9.74537
3.42065 -0.0853358 13.6397
-1.27576 0.477889 11.7283
-1.29694 0.505465 11.7066
-1.38789 0.467444 11.606
-1.59378 0.487969 11.445
-1.83691 0.571103 11.2396
-1.99637 0.599755 11.0981
-2.18908 0.624084 10.9168
-2.21695 0.601459 10.8966
4.41419 -0.0614735 12.5253
4.33625 -0.0500293 12.6051
4.25866 -0.122304 12.6747
4.20516 -0.164542 12.7359
4.12021 -0.0455813 12.8373
4.09117 -0.03697 12.875
4.11374 -0.249472 12.8333
3.66935 -0.220525 13.3851
3.25693 -0.193139 13.7802
3.35942 -0.323753 13.6709
2.99876 -0.172802 14.0747
3.06482 -0.412198 13.9771
4.4932 -0.347713 12.4138
4.43272 -0.365824 12.4714
4.41748 -0.40263 12.4829
4.22581 -0.405642 12.7019
4.38977 -0.464884 12.4926
4.01209 -0.383889 12.9693
4.13434 -0.487399 12.7702
4.13431 -0.587457 12.771
3.80973 -0.452606 13.1809
3.80973 -0.452606 13.1809
3.78285 -0.387976 13.2307
3.80585 -0.610679 13.16
3.67049 -0.620851 13.3147
3.68197 -0.654632 13.3128
3.71235 -0.670728 13.2774
3.57605 -0.498589 13.4551
3.38463 -0.533183 13.5948
3.38802 -0.535679 13.6165
3.16045 -0.596198 13.844
2.85185 -0.862756 14.15
4.26911 -0.712321 12.6083
4.18535 -0.778194 12.7111
4.18407 -0.777502 12.7105
4.11791 -0.893902 12.7647
3.97466 -0.817026 12.9616
3.97369 -0.861084 12.9497
3.84696 -0.81659 13.1154
3.90805 -0.920431 13.0248
3.46482 -0.880572 13.5026
3.34971 -1.09236 13.609
4.26896 -0.888896 12.6201
4.19895 -1.05895 12.6762
4.19734 -1.14678 12.6554
3.9412 -1.08738 12.965
4.15262 -1.10635 12.7009
3.89476 -1.1775 13.0153
3.5997 -1.10725 13.3264
3.3067 -1.43412 13.6179
3.06649 -1.22026 13.8937
2.98224 -1.50708 13.9586
-2.76505 -0.298134 10.115
-4.11495 -0.400083 10.583
4.62148 -1.24726 12.1868
4.43928 -1.32057 12.4384
4.27797 -1.2284 12.5694
4.26574 -1.25968 12.5633
3.99437 -1.33489 12.8889
3.91617 -1.30199 12.9669
4.02424 -1.33539 12.8507
3.91682 -1.38453 12.9517
-0.297402 -1.43273 12.4494
-0.494501 -1.24967 12.2558
-0.494736 -1.25254 12.2599
-0.524599 -1.28313 12.2344
-0.524599 -1.28313 12.2344
4.3463 -1.70265 12.4167
3.66626 -1.87305 13.1011
3.4368 -1.73841 13.3547
3.43636 -1.742 13.3639
3.43702 -1.88386 13.3564
3.39028 -2.02712 13.3898
3.33256 -1.97645 13.4566
-0.439734 -1.66818 12.2597
-0.439734 -1.66818 12.2597
-0.533065 -1.61775 12.1869
-1.02761 -1.34904 11.6451
-1.02761 -1.34904 11.6451
-1.07855 -1.48412 11.6057
-1.9493 -1.13201 10.9206
-1.80511 -1.23131 11.0524
-1.79845 -1.22717 11.0423
-1.98468 -1.21075 10.8672
-2.09069 -1.04809 10.7797
-2.16414 -1.03478 10.711
-2.13592 -1.0894 10.737
-2.31713 -0.992331 10.5537
-2.26889 -1.13715 10.6004
-2.36355 -1.05665 10.4907
-3.2655 -0.906665 9.80984
-3.58836 -0.728576 9.52382
-3.64693 -0.701051 9.50426
-3.72428 -0.601208 9.43269
4.36388 -2.02587 12.3495
4.33814 -2.01718 12.3852
4.04256 -2.10688 12.6873
3.97411 -2.04942 12.7692
3.98539 -2.08806 12.7531
3.68314 -2.16084 13.0594
3.26459 -2.18297 13.4982
3.22761 -2.24815 13.5538
3.26814 -2.28116 13.4937
0.0364039 -1.93934 12.7208
0.0378611 -1.94058 12.7205
-0.250028 -1.98945 12.4046
-0.250028 -1.98945 12.4046
-0.969207 -1.55396 11.6669
-1.4738 -1.52306 11.3142
-1.3216 -1.58305 11.4243
-1.35385 -1.63954 11.4105
-1.48888 -1.55322 11.2983
-1.5245 -1.53318 11.2938
-1.56621 -1.60481 11.2401
-1.59495 -1.59646 11.2133
-2.01185 -1.29589 10.8541
-2.09822 -1.33533 10.7626
-2.12582 -1.32386 10.7399
-2.14211 -1.45886 10.7326
-2.2231 -1.44447 10.6611
-2.32605 -1.41702 10.5485
-2.47986 -1.10111 10.3234
-2.88103 -1.06296 10.1026
-3.18314 -0.944563 9.86615
-3.17875 -1.14052 9.85125
-3.18117 -1.17112 9.84284
-3.27414 -0.927404 9.79418
-3.29487 -0.935208 9.77844
-3.3166 -0.957979 9.75338
-3.36645 -0.949397 9.70811
4.41687 -2.04774 12.2894
4.26908 -2.21863 12.4393
4.11417 -2.11999 12.6119
3.70652 -2.25982 13.0175
3.65067 -2.48342 13.0488
3.55915 -2.56621 13.1544
3.41292 -2.6137 13.2886
0.169456 -2.24621 12.8076
0.261137 -2.43464 12.8561
-0.15105 -2.23853 12.4783
-0.403611 -2.12169 12.2127
-0.441161 -2.1233 12.1976
-1.2622 -1.98757 11.4303
-1.45188 -1.89117 11.2892
-1.46824 -1.92331 11.2867
-2.09333 -1.7514 10.781
-2.09333 -1.7514 10.781
-2.65495 -1.46294 10.2283
-2.82798 -1.45263 10.092
-2.94446 -1.37571 10.0141
-3.34923 -1.16952 9.69714
-3.37381 -1.15885 9.6762
-3.50357 -1.16474 9.56923
-3.54668 -1.13034 9.52801
-3.53214 -1.15428 9.53698
-4.83199 -2.18045 12.0282
4.32049 -2.42746 12.3645
4.3076 -2.46331 12.3714
3.55481 -2.64733 13.1387
3.51933 -2.66382 13.1816
3.58547 -2.70328 13.118
3.59816 -2.7273 13.0981
3.4474 -2.77417 13.2463
-0.980013 -2.33324 11.577
-1.531 -1.93333 11.232
-1.70504 -1.88654 11.1075
-1.68091 -1.96663 11.1178
-1.60273 -2.0737 11.1611
-1.63616 -2.07449 11.1426
-1.63616 -2.07449 11.1426
-2.03411 -1.81586 10.846
-2.03435 -1.81573 10.8462
-2.5695 -1.70116 10.2565
-2.6722 -1.60302 10.2005
-2.65034 -1.62537 10.21
-2.77729 -1.60514 10.1226
-2.80466 -1.68537 10.1001
-2.90673 -1.55796 10.036
-3.35879 -1.37427 9.66565
-3.26529 -1.50942 9.73732
-3.33995 -1.57441 9.66175
-3.65487 -1.35741 9.43231
4.42426 -2.6265 12.191
4.42977 -2.859 12.1617
4.12663 -2.76212 12.5218
4.31751 -2.77849 12.3098
4.20038 -2.94452 12.4057
3.74283 -2.98855 12.9034
3.59188 -2.98104 13.0637
0.25922 -2.9293 12.8616
0.171176 -2.87047 12.7782
0.171176 -2.87047 12.7782
-0.0418151 -2.83346 12.5577
-0.932048 -2.50724 11.669
-0.894035 -2.64281 11.7166
-1.06948 -2.3398 11.5234
-1.41728 -2.28215 11.2514
-1.52413 -2.32458 11.1861
-1.43884 -2.46143 11.2301
-1.41787 -2.4848 11.2358
-1.41787 -2.4848 11.2358
-1.5613 -2.34204 11.1494
-2.67199 -1.84384 10.1845
-2.69248 -1.81498 10.165
-2.65932 -1.93586 10.1793
-2.90199 -1.79722 9.99952
-2.96163 -1.7705 9.94273
-2.95134 -1.89557 9.92834
-3.17386 -1.65964 9.79001
-3.189 -1.73434 9.77393
-3.19929 -1.75403 9.74583
-3.39433 -1.62753 9.60332
-3.43836 -1.6214 9.58626
-3.55463 -1.6963 9.45255
-3.70741 -1.50729 9.3609
4.1818 -2.98325 12.4185
4.17682 -2.97765 12.4054
0.0693446 -3.17042 12.6575
0.133443 -3.39675 12.7642
-0.0717905 -3.2672 12.5364
-0.0717905 -3.2672 12.5364
-0.0473749 -3.30318 12.5537
-0.589547 -3.10908 12.0528
-0.589547 -3.10908 12.0528
-0.79825 -2.94401 11.8519
-1.21427 -2.60061 11.3927
-1.08047 -2.78283 11.5467
-1.08047 -2.78283 11.5467
-1.22445 -2.72403 11.3936
-1.17603 -2.81625 11.4447
-1.76109 -2.43488 11.0447
-1.8834 -2.55582 10.9075
-2.74049 -2.10198 10.0905
-2.67196 -2.16787 10.1591
-3.30758 -1.89308 9.63092
-3.41712 -1.88479 9.52981
-3.46365 -1.8689 9.49959
-3.40387 -1.96612 9.52373
-3.56426 -1.88437 9.41034
0.167348 -3.55579 12.7267
-0.0611654 -3.49645 12.5404
-0.0139037 -3.56945 12.5284
-0.134131 -3.4778 12.4528
-0.430573 -3.41412 12.1798
-1.0209 -3.06061 11.6299
-1.20216 -2.85119 11.4122
-1.21811 -2.91282 11.4088
-1.21811 -2.91282 11.4088
-1.6554 -2.8874 11.0608
-2.96724 -2.26 9.87601
-3.55373 -2.07827 9.42221
2.58943 5.4398 10.0324
6.48835 4.43473 11.0035
5.69065 3.95976 11.3625
1.17879 3.36952 8.79623
0.266851 3.41385 8.21
0.277271 3.39727 8.21352
0.243009 3.38049 8.1874
0.226933 3.46538 8.19646
0.226933 3.46538 8.19646
0.209944 3.41703 8.18358
0.209944 3.41703 8.18358
0.230643 3.41567 8.18905
0.226144 3.39859 8.1884
0.143188 3.38748 8.14635
0.114579 3.47303 8.14225
0.114579 3.47303 8.14225
0.133904 3.42209 8.14468
0.133904 3.42209 8.14468
0.0986712 3.42493 8.13341
0.135694 3.40554 8.14856
0.135694 3.40554 8.14856
0.126722 3.38743 8.14038
0.126722 3.38743 8.14038
0.0792993 3.42492 8.11628
0.0772805 3.42504 8.12018
0.0498576 3.42728 8.10259
0.0498576 3.42728 8.10259
0.0598427 3.39156 8.1033
0.200965 3.3828 8.17249
0.200965 3.3828 8.17249
0.170803 3.38452 8.15658
0.170803 3.38452 8.15658
0.180506 3.34861 8.15251
0.180506 3.34861 8.15251
0.12847 3.37043 8.14451
0.12847 3.37043 8.14451
0.0850463 3.37488 8.11762
0.0687529 3.37545 8.10815
0.069542 3.35734 8.10466
0.069542 3.35734 8.10466
0.035453 3.4793 8.10422
0.035453 3.4793 8.10422
0.0311701 3.39381 8.09035
0.0311701 3.39381 8.09035
-0.0439955 3.48704 8.68654
-0.0439955 3.48704 8.68654
-0.0184578 3.39804 8.06685
0.0121056 3.3604 8.07444
0.0121056 3.3604 8.07444
0.662616 3.36655 10.5601
0.34984 3.1402 8.21894
0.214643 3.28077 8.16189
0.214643 3.28077 8.16189
0.219863 3.2531 8.15757
0.194454 3.25407 8.14559
0.166467 3.23725 8.13362
0.166467 3.23725 8.13362
0.215231 3.21684 8.15189
0.159265 3.21962 8.13151
0.105545 3.26049 8.1109
0.134375 3.2188 8.10999
0.0979165 3.22221 8.09362
0.132312 3.07494 8.09428
0.0366173 3.26377 8.07541
2.10628 3.28857 12.2961
0.440093 3.27569 10.3633
0.283915 2.93554 8.14963
0.346563 2.88793 8.17916
0.205667 3.03345 8.12141
0.187802 3.07192 8.12252
0.183841 3.05014 8.11431
0.193738 3.01588 8.11403
0.171548 3.00879 8.11348
0.117203 3.06318 8.08438
0.141038 3.0281 8.08806
0.141038 3.0281 8.08806
0.110949 3.02876 8.07378
0.097354 3.04079 8.07106
0.193517 2.91561 8.10366
0.12368 2.91575 8.0702
0.0893841 2.92507 8.0592
0.0649607 2.9344 8.04311
0.0821321 2.9006 8.04403
0.0115669 2.9582 8.01913
-0.00429474 2.9061 8.00637
1.61455 3.0931 12.3557
1.89786 2.95587 12.2767
1.76143 2.9503 12.3119
0.749772 2.96362 10.5842
0.309403 2.8695 8.15312
0.308678 2.8693 8.15739
0.280596 2.86029 8.13698
0.280596 2.86029 8.13698
0.228477 2.8503 8.10833
0.228477 2.8503 8.10833
0.12018 2.82324 8.0548
2.16116 2.81126 12.1987
2.10464 2.87386 12.2387
3.08265 2.42228 12.0132
3.02929 2.42244 12.0301
2.82539 2.41978 12.0552
2.75085 2.5507 12.091
2.76887 2.42095 12.0746
2.67438 2.4181 12.0892
2.62226 2.55178 12.1298
2.62226 2.55178 12.1298
2.74114 2.39307 12.0652
2.63036 2.41715 12.109
2.49978 2.54735 12.1376
2.31132 2.40901 12.1583
2.17969 2.38586 12.1952
2.06519 2.4025 12.2241
1.797 2.33388 12.2807
1.6667 2.3997 12.3001
1.66155 2.33148 12.3031
-1.62134 2.34264 11.5224
-3.13519 2.32081 10.2006
-3.26299 2.44779 10.3075
-3.20506 2.41133 10.1336
-3.2297 2.31231 10.1144
-3.24026 2.26477 10.1103
-3.23986 2.26511 10.1097
-3.25028 2.27329 10.0839
-3.32249 2.31088 10.0219
-3.32968 2.25913 10.0335
-3.37211 2.32543 10.0056
-3.42072 2.37518 9.96274
-3.45028 2.36381 9.92955
-3.53771 2.32429 9.84197
-3.53771 2.32429 9.84197
-3.56902 2.28417 9.81892
-3.56902 2.28417 9.81892
-3.58441 2.26408 9.8187
-3.59096 2.28467 9.80378
2.90832 2.02188 11.983
2.89619 1.98271 11.9809
2.81107 2.00407 11.9971
2.8117 2.00302 12.0087
2.79006 2.02111 12.0168
2.79006 2.02111 12.0168
2.69973 2.13495 12.0533
2.69975 2.13636 12.0446
2.68644 1.98356 12.038
2.68776 1.98485 12.0439
2.20464 2.16174 12.1433
2.41658 1.99793 12.0884
2.05091 2.19793 12.1992
2.00897 2.19726 12.205
1.85483 2.16476 12.2288
1.8619 2.02002 12.1915
1.82785 2.01897 12.2123
1.57091 2.20397 12.2984
-1.03267 2.07445 12.0198
-1.12813 2.10731 11.9509
-1.16941 2.06797 11.8989
-1.60218 2.06761 11.5306
-1.60053 1.99579 11.4846
-2.72728 2.02216 10.5382
-2.81261 2.22165 10.4631
-2.84939 2.18158 10.4457
-2.88473 2.22881 10.3953
-2.85105 2.20401 10.4336
-2.90494 2.20203 10.3843
-2.80237 2.0321 10.4752
-2.91251 2.0954 10.3807
-2.84474 2.0397 10.4383
-2.96869 2.2165 10.3259
-2.96869 2.2165 10.3259
-3.04245 2.24717 10.2768
-2.94861 2.12242 10.3502
-2.98208 2.03072 10.3344
-3.08108 2.12769 10.246
-3.07915 2.06705 10.2466
-3.07915 2.06705 10.2466
-3.12396 2.02551 10.209
-3.17832 2.14276 10.1458
-3.2627 2.16129 10.0905
-3.29127 2.14366 10.0467
-3.36299 2.13463 10.005
-3.47836 2.24811 9.89373
-3.43278 2.10931 9.92518
-3.43566 2.05565 9.93546
-3.5021 2.04959 9.87304
-3.61617 2.24109 9.78118
-3.6283 2.21688 9.77894
-3.63018 2.16917 9.77848
-3.66736 2.16826 9.73811
-3.66736 2.16826 9.73811
-3.67178 2.11281 9.74281
3.05041 1.70563 11.9293
2.6868 1.92605 12.0269
2.6868 1.92605 12.0269
2.68539 1.81852 12.0061
2.57212 1.85216 12.0279
2.44131 1.90029 12.0665
2.37226 1.92171 12.0895
2.35651 1.89859 12.0825
2.03073 1.86135 12.1543
1.84731 1.73917 12.1753
-1.49541 1.94033 11.6077
-1.49504 1.94332 11.5974
-1.53464 1.88031 11.5484
-1.53464 1.88031 11.5484
-1.38641 1.76497 11.7049
-1.41939 1.72808 11.6652
-1.43622 1.68906 11.6515
-1.70111 1.90148 11.41
-1.70556 1.87118 11.4058
-1.6778 1.69233 11.4527
-2.67556 1.96851 10.5773
-2.70799 1.99161 10.5487
-2.70243 1.95241 10.5617
-2.70189 1.95288 10.5599
-2.72387 1.94083 10.5516
-2.68482 1.8522 10.5671
-2.72235 1.8611 10.5418
-2.7252 1.79235 10.5368
-2.78783 1.99163 10.5005
-2.79726 1.93667 10.4771
-2.79726 1.93667 10.4771
-2.84269 1.95056 10.448
-2.75209 1.92444 10.5128
-2.77993 1.87097 10.4916
-2.838 1.89092 10.4434
-2.8532 1.9378 10.4232
-2.8532 1.9378 10.4232
-2.79779 1.82821 10.471
-2.86176 1.84776 10.4279
-2.92512 1.83446 10.366
-2.9765 1.95196 10.3199
-2.96245 1.87998 10.3404
-3.03843 1.92259 10.272
-3.05296 1.99925 10.2663
-3.06927 1.98369 10.244
-3.04046 1.90196 10.2516
-2.97164 1.80911 10.3412
-3.24447 1.93179 10.0934
-3.24447 1.93179 10.0934
-3.24255 1.88592 10.0949
-3.18597 1.85362 10.153
-3.21 1.84712 10.1236
-3.17867 1.8124 10.1472
-3.18238 1.81299 10.1515
-3.213 1.80765 10.12
-3.21281 1.76705 10.1188
-3.23154 1.75557 10.1019
-3.23157 1.7561 10.1026
-3.2454 1.84939 10.0956
-3.24546 1.80631 10.0953
-3.24962 1.77907 10.0905
-3.29249 1.76646 10.0698
-3.29249 1.76646 10.0698
-3.44444 1.99811 9.92869
-3.44253 1.95328 9.9304
-3.54461 1.88841 9.83044
-3.66593 1.99163 9.74109
-3.63107 1.85853 9.76536
-3.74372 1.95313 9.67538
2.91255 1.57616 11.9344
2.91255 1.57616 11.9344
2.24695 1.55628 12.0682
1.88128 1.54993 12.1403
-1.40263 1.6218 11.6744
-1.52624 1.6216 11.5501
-1.51046 1.55761 11.5668
-1.45574 1.51546 11.622
-1.49835 1.53177 11.5976
-1.81618 1.65295 11.3202
-1.94152 1.63547 11.1931
-1.95236 1.58491 11.2009
-1.9858 1.5728 11.1632
-1.9441 1.50823 11.2031
-1.88025 1.46424 11.2611
-1.93553 1.45701 11.1949
-1.95768 1.47022 11.1801
-1.94011 1.43027 11.202
-2.11903 1.53921 11.045
-2.49283 1.64743 10.7383
-2.48374 1.62713 10.7689
-2.6348 1.63553 10.6064
-2.7044 1.64499 10.5394
-2.71511 1.60162 10.5368
-2.71553 1.60247 10.5389
-2.62463 1.58064 10.6134
-2.66419 1.48417 10.5705
-2.70373 1.53113 10.5543
-2.76955 1.72428 10.507
-2.74772 1.71312 10.5222
-2.82447 1.73629 10.4522
-3.21683 1.7293 10.1125
-3.16758 1.65298 10.1522
-3.24412 1.64025 10.0845
-3.33706 1.71845 10.0249
-3.55238 1.62276 9.8026
-3.73879 1.69591 9.65465
-3.73957 1.69644 9.65494
-3.74548 1.63539 9.64199
-3.70679 1.57088 9.6704
-3.7894 1.64742 9.60957
-1.2552 1.27763 11.7826
-1.55332 1.38441 11.5331
-1.41101 1.20552 11.6616
-1.46213 1.18862 11.5925
-1.71423 1.30767 11.3754
-1.71423 1.30767 11.3754
-1.84204 1.39676 11.2665
-1.75236 1.27512 11.3603
-1.77419 1.28771 11.3421
-1.99659 1.41496 11.1463
-1.92883 1.245 11.2117
-1.97965 1.21432 11.1564
-2.09537 1.41482 11.0605
-2.13083 1.20696 11.0152
-2.13083 1.20696 11.0152
-2.12229 1.18308 11.0267
-2.16924 1.23149 10.9889
-2.83227 1.46729 10.4166
-2.9362 1.40886 10.324
-3.38456 1.32604 9.92732
-3.47074 1.36295 9.85453
-3.46039 1.33953 9.86576
-3.48188 1.35562 9.8345
-3.63826 1.51602 9.72304
-3.51013 1.35018 9.81753
-3.77116 1.51617 9.61457
-3.75405 1.44314 9.61819
-3.75364 1.35929 9.60958
-3.77336 1.39308 9.59429
-1.21498 0.948926 11.8073
-1.21402 0.870068 11.7842
-1.5155 0.914512 11.5276
-1.79282 1.07 11.306
-1.73418 1.0316 11.3424
-1.73767 1.03086 11.349
-1.78462 1.04104 11.3096
-1.80127 1.02119 11.2852
-1.87064 1.10283 11.2328
-1.86521 0.991822 11.2372
-1.97073 0.972329 11.1479
-1.97073 0.972329 11.1479
-2.03296 0.93668 11.0855
-2.0359 0.90642 11.0792
-2.2086 1.08483 10.9339
-2.30222 1.0944 10.8533
-2.18475 1.02743 10.9567
-2.24823 1.02553 10.8984
-2.87515 1.09652 10.3558
-2.93557 1.15454 10.3122
-2.95169 1.1214 10.2928
-3.06373 1.13214 10.1868
-3.06583 1.13143 10.19
-3.21885 1.19084 10.0632
-3.20326 1.12538 10.0713
-3.20326 1.12538 10.0713
-3.25118 1.12223 10.0309
-3.27526 1.03315 9.99322
-3.28552 1.01165 9.98679
-3.47241 1.25375 9.84443
-3.46864 1.25439 9.83949
-3.48784 1.1566 9.8216
-3.35319 1.13587 9.94648
-3.39036 1.13167 9.91038
-3.31591 1.0283 9.96534
-3.50424 1.22754 9.81796
-3.56003 1.16416 9.75833
-3.63287 1.26613 9.70541
-3.66705 1.27713 9.6723
-3.65301 1.24545 9.69046
-3.66423 1.09174 9.66118
-3.64363 1.06802 9.67313
-3.75442 1.26131 9.59834
-3.68185 1.12931 9.64312
-1.28695 0.715917 11.735
-1.23695 0.621197 11.7737
-1.275 0.59753 11.742
-1.39047 0.743221 11.6307
-1.42207 0.615934 11.604
-1.42207 0.615934 11.604
-1.97976 0.644445 11.1144
-2.17918 0.743829 10.9366
-2.22988 0.629797 10.889
-2.97428 0.906118 10.2451
-3.0926 0.958016 10.1513
-3.10363 0.94459 10.1356
-3.03085 0.905394 10.2007
-3.09958 0.917752 10.1404
-3.10816 0.824988 10.1226
-3.2527 1.00409 10.015
-3.29807 0.793804 9.95384
-3.32232 0.921348 9.95006
-3.41694 0.911544 9.85664
-3.47889 0.912287 9.80494
-3.3322 0.838856 9.93605
-3.36486 0.890709 9.90773
-3.34363 0.820804 9.9207
-3.40974 0.861787 9.86403
-3.44358 0.878036 9.83424
-3.39923 0.837643 9.87037
-3.41672 0.830264 9.85395
-3.51718 0.975956 9.77311
-3.53787 0.929313 9.75063
-3.59332 1.00926 9.71139
-3.58352 0.989116 9.71932
-1.27984 0.446065 11.7155
-1.56116 0.525598 11.4693
-1.64195 0.492597 11.3731
-1.81844 0.546462 11.2484
-1.84795 0.548234 11.2154
-1.89435 0.545227 11.1771
4.30408 -0.0407463 12.6383
4.23954 -0.0301787 12.7096
4.40494 -0.134722 12.5144
4.41586 -0.162146 12.5147
4.41586 -0.162146 12.5147
4.33531 -0.216886 12.5855
4.13908 -0.0300296 12.8114
4.14579 -0.0826672 12.8096
4.14433 -0.0791913 12.8044
4.04748 -0.0196243 12.9022
3.83828 -0.0949525 13.2154
3.5864 -0.128557 13.4838
3.68043 -0.248835 13.3754
3.60271 -0.261079 13.4446
3.58304 -0.306714 13.4663
3.25546 -0.229409 13.7687
3.26026 -0.353518 13.7783
3.19476 -0.430307 13.8264
3.19476 -0.430307 13.8264
3.09437 -0.452935 13.919
2.875 -0.492302 14.1689
4.43853 -0.429789 12.4531
4.28624 -0.313084 12.6402
4.40812 -0.37647 12.5025
4.20732 -0.48535 12.7042
3.95642 -0.450493 13.0464
3.9535 -0.449589 13.037
3.88124 -0.399276 13.1352
3.83977 -0.438941 13.1768
3.90683 -0.563203 13.0611
3.80386 -0.565274 13.1889
3.61182 -0.438472 13.4227
3.60417 -0.456084 13.3787
3.66016 -0.571133 13.3495
3.61046 -0.559823 13.4045
4.18978 -0.805344 12.691
3.98683 -0.783327 12.969
3.96443 -0.789647 12.9905
4.11834 -0.775781 12.7716
3.81115 -0.702315 13.1735
3.83609 -0.772718 13.1148
3.58712 -0.80527 13.3856
3.58712 -0.80527 13.3856
3.5433 -0.845641 13.3992
3.11488 -0.897473 13.8862
3.09001 -0.91112 13.8995
3.01023 -1.18591 13.9517
3.90721 -1.03787 13.0178
3.86601 -1.04092 13.0493
3.85869 -1.00968 13.0847
3.7081 -1.018 13.2314
3.83862 -1.25954 13.0571
3.57821 -1.08593 13.3572
3.51042 -1.0951 13.4423
3.58426 -1.20685 13.3232
3.35283 -1.32054 13.5796
0.494873 -1.041 13.237
0.492765 -1.08676 13.2611
0.492765 -1.08676 13.2611
0.439276 -1.08389 13.2006
0.439276 -1.08389 13.2006
-1.9094 -0.487361 10.9463
4.65632 -1.19365 12.1693
4.34144 -1.22017 12.5068
4.20365 -1.23672 12.6515
4.14697 -1.37908 12.8454
3.75916 -1.34257 13.1222
3.71953 -1.34715 13.1655
3.74771 -1.41075 13.1215
3.27985 -1.45898 13.6202
0.25221 -1.49843 12.9978
-0.527322 -1.31081 12.2184
-0.688038 -1.31169 12.0295
-2.43522 -0.721773 10.3653
-2.45162 -0.798413 10.3471
-2.68226 -0.674803 10.2603
-2.68226 -0.674803 10.2603
-2.76761 -0.731439 10.2068
-3.65963 -0.465937 9.51379
3.37171 -1.86911 13.4207
3.38175 -1.96231 13.4081
3.24551 -1.77795 13.5663
-0.12559 -1.52571 12.6159
0.00816319 -1.74972 12.7045
-0.617609 -1.44352 12.0963
-0.820711 -1.29933 11.8231
-0.821543 -1.30078 11.8309
-0.96802 -1.28214 11.7048
-1.13817 -1.45058 11.5683
-1.78154 -1.12832 11.066
-1.76007 -1.32688 11.0906
-1.84121 -1.24289 11.0132
-2.01431 -1.21199 10.847
-2.03036 -1.09111 10.8297
-2.08228 -1.12352 10.7769
-2.29772 -1.0135 10.5683
-2.37232 -0.894383 10.4812
-2.32677 -1.05494 10.5363
-2.34324 -1.05333 10.5159
-2.42129 -1.10042 10.4183
-2.60251 -0.83058 10.293
-2.60225 -0.830269 10.2927
-2.45659 -1.07014 10.3576
-2.4741 -1.07021 10.3303
-2.50879 -1.08348 10.3174
-2.50879 -1.08348 10.3174
-2.70139 -0.965692 10.2377
-2.89977 -1.00175 10.0923
4.44895 -2.00042 12.2828
4.05834 -1.95681 12.6963
4.0138 -2.05403 12.7464
3.62631 -2.23386 13.102
3.52308 -2.23819 13.2297
3.31546 -2.36863 13.4196
-0.0397099 -1.87573 12.6637
-0.0369981 -1.87431 12.6572
-0.390159 -1.73916 12.3025
-0.458926 -1.98273 12.2121
-0.453691 -1.97821 12.2008
-0.652715 -1.81969 12.0081
-0.532212 -1.89552 12.1342
-0.966416 -1.58697 11.6632
-1.06585 -1.51263 11.6121
-1.09891 -1.54372 11.5888
-1.09975 -1.54398 11.5869
-1.15858 -1.61262 11.5397
-1.17255 -1.63142 11.5289
-1.18578 -1.65083 11.5199
-1.60838 -1.53014 11.211
-1.63872 -1.52352 11.1842
-1.78659 -1.51419 11.0658
-1.78207 -1.51343 11.0575
-1.9352 -1.40812 10.935
-1.81435 -1.47601 11.0401
-1.80888 -1.50148 11.0455
-1.86444 -1.55686 10.9957
-2.23576 -1.2658 10.6404
-2.12887 -1.35802 10.7522
-2.04831 -1.48138 10.8142
-2.12816 -1.44237 10.7532
-2.21382 -1.37465 10.6614
-2.32339 -1.25214 10.5377
-2.32533 -1.25332 10.5398
-2.36932 -1.31217 10.4838
-3.17037 -0.977272 9.87603
-3.20708 -1.0999 9.8381
-3.4986 -0.923584 9.59616
4.44531 -2.0247 12.2687
4.37838 -2.03806 12.3202
4.26689 -2.07056 12.4562
4.18606 -2.19683 12.5049
3.44067 -2.40936 13.3036
3.40818 -2.39623 13.3284
3.54655 -2.52043 13.1661
3.52844 -2.54835 13.1869
3.47415 -2.5304 13.2549
3.40185 -2.59495 13.3124
3.35933 -2.60678 13.3569
0.0860329 -2.29579 12.7166
0.051371 -2.2714 12.6898
0.0203295 -2.2477 12.6443
0.0197493 -2.24763 12.645
-0.0139873 -2.23598 12.605
-0.151771 -2.28233 12.4538
-0.474329 -2.07266 12.1818
-1.00414 -1.85789 11.6093
-1.00414 -1.85789 11.6093
-1.0319 -1.86998 11.5991
-1.19592 -1.86657 11.4855
-1.05094 -1.99607 11.5766
-1.3666 -1.92916 11.3513
-1.66879 -1.8402 11.1412
-1.79096 -1.73511 11.0517
-1.74198 -1.77578 11.0898
-1.74687 -1.8441 11.0803
-1.77436 -1.83944 11.0602
-1.87638 -1.68251 10.9867
-1.82949 -1.7407 11.0233
-1.79579 -1.79218 11.0468
-1.91869 -1.6907 10.93
-1.94225 -1.7043 10.9235
-1.91488 -1.74987 10.9483
-1.9156 -1.75099 10.9534
-1.92418 -1.81515 10.939
-1.98366 -1.78593 10.8885
-2.26764 -1.50384 10.6175
-2.41529 -1.52894 10.4298
-2.476 -1.56865 10.3384
-2.67879 -1.47664 10.2149
-2.88102 -1.28676 10.0689
-3.00508 -1.32817 9.98137
-3.17902 -1.20845 9.84556
-3.39135 -1.17957 9.65888
-3.85285 -1.17715 9.32478
4.02276 -2.46756 12.6676
3.78651 -2.71283 12.89
3.58531 -2.63234 13.1165
3.58531 -2.63234 13.1165
3.50079 -2.76727 13.1769
3.4511 -2.69553 13.2412
3.34096 -2.73052 13.3547
3.341 -2.73226 13.3584
3.51377 -2.78941 13.1656
3.51377 -2.78941 13.1656
3.3434 -2.9268 13.3333
3.33839 -2.86608 13.3468
-0.278277 -2.59201 12.3174
-1.07733 -2.07124 11.516
-1.11257 -2.12395 11.5282
-1.17814 -2.09072 11.479
-1.53324 -2.02632 11.2158
-1.4242 -2.22624 11.278
-1.4242 -2.22624 11.278
-1.42587 -2.14545 11.2802
-1.42587 -2.14545 11.2802
-1.62505 -1.98186 11.1572
-1.7325 -2.00463 11.0905
-1.63825 -2.03869 11.1395
-1.64305 -2.04621 11.1477
-1.69664 -2.04376 11.116
-1.84021 -1.84784 11.007
-1.82055 -1.90291 11.0243
-1.88779 -1.86404 10.9798
-1.99839 -1.80468 10.8761
-1.99907 -1.8057 10.8761
-2.51697 -1.6438 10.2874
-2.80662 -1.55838 10.1025
-2.79885 -1.58907 10.1169
-2.83214 -1.75431 10.067
-2.8469 -1.72991 10.0554
-2.8469 -1.72991 10.0554
-3.20787 -1.54051 9.7866
-3.33714 -1.4445 9.69948
-3.40854 -1.45262 9.62341
-3.48029 -1.49561 9.55263
-3.58422 -1.50035 9.46978
4.36367 -2.66792 12.2748
4.20481 -2.74033 12.4403
4.17826 -2.85332 12.4407
3.54926 -3.02786 13.1026
3.31768 -3.05785 13.3525
0.274892 -2.98965 12.8697
0.169891 -3.07052 12.7583
0.0832863 -3.07565 12.6959
0.0409451 -2.86326 12.6107
-0.189295 -2.80458 12.428
-0.00592616 -3.00311 12.5955
-0.0509256 -3.02755 12.5443
-0.13037 -2.95704 12.4774
-0.351691 -2.73985 12.2786
-1.17199 -2.53551 11.43
-1.536 -2.25143 11.1842
-1.4014 -2.40599 11.2488
-1.52098 -2.38232 11.1822
-1.59676 -2.34384 11.1406
-1.5952 -2.34055 11.1356
-2.93377 -1.81831 9.98443
-2.93377 -1.81831 9.98443
-2.93696 -1.88053 9.94405
-2.98302 -1.89404 9.91589
-2.98523 -1.89474 9.91186
-3.19337 -1.71051 9.76537
-3.25343 -1.72525 9.70765
-3.31401 -1.7156 9.67596
-3.72534 -1.54805 9.33877
-3.71152 -1.56991 9.35191
-3.71163 -1.56807 9.34974
-3.72643 -1.59945 9.33175
-3.90525 -1.46669 9.20143
4.35458 -2.93209 12.2272
0.103664 -3.2357 12.7304
0.170622 -3.3451 12.7549
-0.14743 -3.11423 12.4631
0.0299881 -3.27038 12.6216
-0.0850983 -3.23046 12.5155
-0.147383 -3.20912 12.4712
-0.147383 -3.20912 12.4712
-0.39794 -2.95433 12.2238
-0.78029 -2.89762 11.8805
-0.610448 -3.02535 12.0278
-0.721875 -3.0058 11.9264
-0.847182 -2.95504 11.8051
-0.881838 -2.96869 11.7721
-0.881838 -2.96869 11.7721
-1.15286 -2.59029 11.4624
-1.25302 -2.58864 11.3521
-1.1334 -2.77274 11.4799
-1.09943 -2.85451 11.5169
-1.22386 -2.70355 11.3837
-1.30213 -2.58493 11.3173
-2.75612 -2.07226 10.0728
-2.75612 -2.07226 10.0728
-2.70537 -2.21652 10.1278
-2.71279 -2.22108 10.1384
-2.71135 -2.26368 10.1485
-3.47717 -1.8762 9.48455
0.155465 -3.5292 12.7402
0.082865 -3.50876 12.6523
0.170663 -3.66879 12.7475
0.170663 -3.66879 12.7475
0.0638748 -3.63454 12.6635
-2.09991 -1.17888 10.7561
-0.171198 -3.37463 12.4349
-2.52034 -1.21207 10.3071
-0.275759 -3.25931 12.3167
-3.17833 -1.14082 9.8504
-0.442248 -3.37962 12.1767
-3.36006 -1.07064 9.70165
-0.562302 -3.31979 12.06
-3.30694 -1.19439 9.72677
-1.15705 -2.98456 11.4606
-3.92821 -1.14824 9.41653
-1.15291 -3.09649 11.4794
-2.88908 -2.32207 9.9319
4.27475 -1.11791 12.5687
-3.34388 -2.10673 9.60575
4.26508 -1.26113 12.5656
-3.43855 -2.10908 9.50889
3.71575 -1.21297 13.192
-3.57145 -1.96267 9.3989
3.71575 -1.21297 13.192
-3.57145 -1.96267 9.3989